0	tsk_0	(x)	1	:	0.000000	0.000000	0.000000	0.000000	0.000000	1.000000
1	tsk_1	(x)	1	:	0.000000	0.000000	0.000000	0.000000	0.000000	1.000000
2	tsk_2	(x)	1	:	0.000000	0.000000	0.000000	0.000000	0.000000	1.000000
3	tsk_3	(x)	1	:	0.000000	0.000275	0.000000	0.000000	0.485568	0.514157
4	tsk_4	(x)	1	:	0.000000	0.019829	0.000000	0.000000	0.524665	0.455506
5	tsk_5	(x)	1	:	0.000000	0.000000	0.000000	0.000000	1.000000	0.000000
6	tsk_6	(x)	1	:	0.000000	0.000000	0.000000	0.000000	1.000000	0.000000
7	tsk_7	(x)	1	:	1.000000	0.000000	0.000000	0.000000	0.000000	0.000000
8	tsk_8	(x)	1	:	0.000000	0.018831	0.000000	0.000000	0.525508	0.455661
9	tsk_9	(x)	1	:	0.477729	0.066546	0.000000	0.000000	0.000000	0.455724
10	tsk_10	(x)	1	:	0.485841	0.514152	0.000000	0.000001	0.000005	0.000000
11	tsk_11	(x)	1	:	0.000000	0.466258	0.499555	0.034187	0.000000	0.000000
12	tsk_12	(x)	1	:	0.000000	0.467247	0.500557	0.032196	0.000000	0.000000
13	tsk_13	(x)	1	:	0.000001	0.465170	0.498454	0.036374	0.000000	0.000000
14	tsk_14	(x)	1	:	0.000000	0.000000	0.999999	0.000001	0.000000	0.000000
15	tsk_15	(x)	1	:	0.319045	0.680955	0.000000	0.000000	0.000000	0.000000
16	tsk_16	(x)	1	:	1.000000	0.000000	0.000000	0.000000	0.000000	0.000000
17	tsk_17	(x)	1	:	0.000000	1.000000	0.000000	0.000000	0.000000	0.000000
18	tsk_18	(x)	1	:	1.000000	0.000000	0.000000	0.000000	0.000000	0.000000
19	tsk_19	(x)	1	:	0.470612	0.005433	0.494449	0.029506	0.000000	0.000000
20	tsk_20	(x)	1	:	0.000000	0.000166	0.000000	0.485661	0.000000	0.514172
21	tsk_21	(x)	1	:	0.000001	0.999977	0.000000	0.000020	0.000003	0.000000
22	tsk_22	(x)	1	:	0.000000	0.000000	0.000000	1.000000	0.000000	0.000000
23	tsk_23	(x)	1	:	0.000000	0.999986	0.000000	0.000012	0.000001	0.000000
24	tsk_24	(x)	1	:	0.000001	0.999984	0.000000	0.000013	0.000002	0.000000
25	tsk_25	(x)	1	:	0.000001	0.466943	0.000000	0.533056	0.000000	0.000000
26	tsk_26	(x)	1	:	0.000000	0.999990	0.000000	0.000009	0.000001	0.000000
27	tsk_27	(x)	1	:	0.000000	0.002325	0.000000	0.498837	0.498838	0.000000
28	tsk_28	(x)	1	:	0.000001	0.466946	0.000000	0.533053	0.000000	0.000000
29	tsk_29	(x)	1	:	0.000001	0.466927	0.000000	0.533071	0.000000	0.000000
30	tsk_30	(x)	1	:	0.000000	0.583945	0.000000	0.000000	0.000000	0.416055
31	tsk_31	(x)	1	:	0.000000	0.999987	0.000000	0.000010	0.000002	0.000000
32	tsk_32	(x)	1	:	0.000000	0.477252	0.000000	0.000012	0.000000	0.522736
33	tsk_33	(x)	1	:	0.000000	0.477258	0.000000	0.000007	0.000000	0.522735
34	tsk_34	(x)	1	:	0.000000	0.000000	0.000000	0.000000	0.000000	1.000000
35	tsk_35	(x)	1	:	0.000000	0.999989	0.000000	0.000008	0.000002	0.000000
36	tsk_36	(x)	1	:	0.000000	0.583945	0.000000	0.000000	0.000000	0.416055
37	tsk_37	(x)	1	:	0.485852	0.514137	0.000000	0.000005	0.000006	0.000000
38	tsk_38	(x)	1	:	0.000000	0.477248	0.000000	0.000016	0.000000	0.522736
39	tsk_39	(x)	1	:	0.000000	0.999994	0.000000	0.000005	0.000001	0.000000
40	tsk_40	(x)	1	:	0.469186	0.014026	0.000000	0.000000	0.516788	0.000000
41	tsk_41	(x)	1	:	0.468382	0.011967	0.000000	0.000000	0.000000	0.519651
42	tsk_42	(x)	1	:	0.473231	0.020112	0.000000	0.000000	0.000001	0.506656
43	tsk_43	(x)	1	:	1.000000	0.000000	0.000000	0.000000	0.000000	0.000000
44	tsk_44	(x)	1	:	0.470396	0.011593	0.000000	0.000000	0.518011	0.000000
45	tsk_45	(x)	1	:	1.000000	0.000000	0.000000	0.000000	0.000000	0.000000
46	tsk_46	(x)	1	:	0.468700	0.011593	0.000000	0.000000	0.000001	0.519706
47	tsk_47	(x)	1	:	0.528350	0.000002	0.000000	0.000000	0.000000	0.471648
48	tsk_48	(x)	1	:	0.469175	0.011036	0.000000	0.000000	0.000000	0.519789
49	tsk_49	(x)	1	:	0.528350	0.000002	0.000000	0.000000	0.000000	0.471648
