logL = -211.199919 (converged)
AIC = 1090.399838
BIC = 1729.015521

count.K
5 13 17 9 1 5 

