logL = -219.093006 (converged)
AIC = 978.186013
BIC = 1494.432224

count.K
8 22 4 13 3 

