logL = -157.629299 (converged)
AIC = 1031.258597
BIC = 1715.762833

count.K
1 23 17 4 3 2 

