logL = -149.272974 (converged)
AIC = 540.545947
BIC = 771.900731

count.K
19 14 17 

