logL = -161.266082 (converged)
AIC = 454.532164
BIC = 580.725682

count.K
12 38 

