logL = -307.511299 (converged)
AIC = 795.022599
BIC = 967.104669

count.K
42 8 

