logL = -94.215272 (converged)
AIC = 668.430543
BIC = 1127.316065

count.K
26 16 2 6 0 

