logL = -288.982244 (converged)
AIC = 1137.964487
BIC = 1673.330929

count.K
6 19 14 9 2 

