logL = -43.809140 (converged)
AIC = 211.618280
BIC = 330.163706

count.K
36 14 

