logL = -35.786861 (converged)
AIC = 183.573723
BIC = 290.647011

count.K
46 4 

