logL = -51.510517 (converged)
AIC = 711.021033
BIC = 1292.276027

count.K
29 5 3 6 5 2 

