logL = -64.699703 (converged)
AIC = 629.399407
BIC = 1107.405158

count.K
9 3 5 29 4 

