logL = -221.868218 (converged)
AIC = 1013.736436
BIC = 1558.662993

count.K
8 8 7 15 12 

