logL = -239.241976 (converged)
AIC = 1048.483951
BIC = 1593.410508

count.K
10 18 5 10 7 

