logL = -275.309747 (converged)
AIC = 1130.619494
BIC = 1685.106165

count.K
18 1 8 17 6 

