logL = -204.025629 (converged)
AIC = 958.051259
BIC = 1483.857585

count.K
17 9 14 1 9 

