logL = -311.424180 (converged)
AIC = 786.848360
BIC = 943.634246

count.K
37 13 

