logL = -325.508611 (converged)
AIC = 1079.017222
BIC = 1488.190145

count.K
5 1 14 30 

