logL = -303.540197 (converged)
AIC = 1299.080394
BIC = 1960.640354

count.K
7 27 1 3 5 7 

