logL = -273.735301 (converged)
AIC = 699.470601
BIC = 844.784349

count.K
35 15 

