logL = -212.660933 (converged)
AIC = 703.321865
BIC = 969.093063

count.K
3 41 6 

