logL = -262.903351 (converged)
AIC = 661.806702
BIC = 791.824267

count.K
6 44 

