logL = -119.779821 (converged)
AIC = 675.559641
BIC = 1092.380656

count.K
10 24 10 6 

