logL = -238.912817 (converged)
AIC = 785.825634
BIC = 1080.277176

count.K
7 22 21 

