logL = -319.409173 (converged)
AIC = 928.818345
BIC = 1206.061681

count.K
15 10 25 

