logL = -30.580470 (converged)
AIC = 621.160941
BIC = 1156.527382

count.K
7 2 0 2 23 16 

