logL = -109.414353 (converged)
AIC = 484.828705
BIC = 739.127765

count.K
5 4 41 

