0	tsk_0	(x)	1	:	0.000001	0.999999	0.000000	0.000000	0.000000	0.000000
1	tsk_1	(x)	1	:	0.000001	0.000000	0.999999	0.000000	0.000000	0.000000
2	tsk_2	(x)	1	:	0.000087	0.000000	0.999913	0.000000	0.000000	0.000000
3	tsk_3	(x)	1	:	0.151735	0.000000	0.000000	0.064474	0.000000	0.783791
4	tsk_4	(x)	1	:	0.000632	0.467493	0.000000	0.000000	0.531875	0.000000
5	tsk_5	(x)	1	:	0.324238	0.000006	0.675756	0.000000	0.000000	0.000000
6	tsk_6	(x)	1	:	0.112132	0.499883	0.000000	0.000000	0.000000	0.387985
7	tsk_7	(x)	1	:	0.212851	0.000000	0.000000	0.141836	0.000000	0.645313
8	tsk_8	(x)	1	:	0.018680	0.496459	0.000000	0.484861	0.000000	0.000000
9	tsk_9	(x)	1	:	0.202495	0.499594	0.297911	0.000000	0.000000	0.000000
10	tsk_10	(x)	1	:	0.000278	0.450161	0.549560	0.000000	0.000000	0.000000
11	tsk_11	(x)	1	:	0.000000	0.000000	1.000000	0.000000	0.000000	0.000000
12	tsk_12	(x)	1	:	0.000285	0.000000	0.551517	0.000000	0.000000	0.448198
13	tsk_13	(x)	1	:	0.000000	0.000000	0.541861	0.000000	0.458139	0.000000
14	tsk_14	(x)	1	:	0.000345	0.450106	0.549549	0.000000	0.000000	0.000000
15	tsk_15	(x)	1	:	0.000000	0.000000	0.541861	0.000000	0.458139	0.000000
16	tsk_16	(x)	1	:	0.000000	0.000000	1.000000	0.000000	0.000000	0.000000
17	tsk_17	(x)	1	:	0.000122	0.450293	0.549585	0.000000	0.000000	0.000000
18	tsk_18	(x)	1	:	0.000200	0.450228	0.549573	0.000000	0.000000	0.000000
19	tsk_19	(x)	1	:	0.000000	0.000000	0.502674	0.000000	0.497326	0.000000
20	tsk_20	(x)	1	:	0.000000	0.000000	0.000000	1.000000	0.000000	0.000000
21	tsk_21	(x)	1	:	0.000000	0.000000	0.000000	1.000000	0.000000	0.000000
22	tsk_22	(x)	1	:	0.107707	0.000000	0.297828	0.594464	0.000000	0.000000
23	tsk_23	(x)	1	:	0.000000	0.000000	0.000000	1.000000	0.000000	0.000000
24	tsk_24	(x)	1	:	0.207456	0.000000	0.000000	0.488154	0.304389	0.000001
25	tsk_25	(x)	1	:	0.215686	0.000002	0.297907	0.486405	0.000000	0.000000
26	tsk_26	(x)	1	:	0.000000	0.000000	0.000000	1.000000	0.000000	0.000000
27	tsk_27	(x)	1	:	0.000000	0.000000	0.000000	1.000000	0.000000	0.000000
28	tsk_28	(x)	1	:	0.000000	0.000000	0.000000	1.000000	0.000000	0.000000
29	tsk_29	(x)	1	:	0.000000	0.000000	0.000000	1.000000	0.000000	0.000000
30	tsk_30	(x)	1	:	0.999995	0.000005	0.000000	0.000000	0.000000	0.000000
31	tsk_31	(x)	1	:	0.702026	0.000005	0.297969	0.000000	0.000000	0.000000
32	tsk_32	(x)	1	:	0.513397	0.000000	0.000000	0.486603	0.000000	0.000000
33	tsk_33	(x)	1	:	0.532032	0.000004	0.000000	0.000000	0.000000	0.467964
34	tsk_34	(x)	1	:	0.000000	0.000000	0.000000	0.000000	0.000000	1.000000
35	tsk_35	(x)	1	:	0.999997	0.000003	0.000000	0.000000	0.000000	0.000000
36	tsk_36	(x)	1	:	0.532030	0.000005	0.000000	0.000000	0.000000	0.467965
37	tsk_37	(x)	1	:	0.999991	0.000009	0.000000	0.000000	0.000000	0.000000
38	tsk_38	(x)	1	:	0.532034	0.000003	0.000000	0.000000	0.000000	0.467963
39	tsk_39	(x)	1	:	0.000000	0.000000	0.000000	0.000000	0.000000	1.000000
40	tsk_40	(x)	1	:	0.000004	0.000000	0.000000	0.000000	0.999996	0.000000
41	tsk_41	(x)	1	:	0.000597	0.000000	0.000000	0.000000	0.540689	0.458714
42	tsk_42	(x)	1	:	0.000000	0.000000	0.000000	0.000000	0.000000	1.000000
43	tsk_43	(x)	1	:	0.000758	0.000000	0.000000	0.000000	0.540597	0.458645
44	tsk_44	(x)	1	:	0.190470	0.000001	0.000000	0.000000	0.809529	0.000000
45	tsk_45	(x)	1	:	0.000599	0.000000	0.000000	0.000000	0.540688	0.458713
46	tsk_46	(x)	1	:	0.396354	0.000000	0.603646	0.000000	0.000000	0.000000
47	tsk_47	(x)	1	:	0.000001	0.000000	0.532344	0.000000	0.467655	0.000000
48	tsk_48	(x)	1	:	0.000001	0.000000	0.532344	0.000000	0.467655	0.000000
49	tsk_49	(x)	1	:	0.000841	0.000000	0.000000	0.000000	0.540549	0.458609
