logL = -99.253196 (converged)
AIC = 458.506393
BIC = 707.069384

count.K
7 4 39 

