logL = -83.061617 (converged)
AIC = 546.123235
BIC = 909.407606

count.K
37 6 2 5 

