logL = -350.504254 (converged)
AIC = 985.008508
BIC = 1256.515775

count.K
5 15 30 

