logL = -128.741907 (converged)
AIC = 889.483814
BIC = 1493.683084

count.K
8 9 5 0 13 15 

