logL = -153.937811 (converged)
AIC = 711.875623
BIC = 1098.104270

count.K
16 16 8 10 

