logL = -126.749276 (converged)
AIC = 625.498553
BIC = 981.134832

count.K
7 18 17 8 

