logL = -227.413038 (converged)
AIC = 898.826076
BIC = 1323.295184

count.K
5 21 20 4 

