logL = -147.893112 (converged)
AIC = 555.786224
BIC = 804.349215

count.K
14 16 20 

