logL = -71.285094 (converged)
AIC = 750.570189
BIC = 1331.825183

count.K
15 5 4 9 0 17 

