logL = -120.574626 (converged)
AIC = 613.149252
BIC = 968.785531

count.K
5 29 14 2 

