logL = -268.160802 (converged)
AIC = 1252.321604
BIC = 1936.825840

count.K
11 9 1 9 15 5 

