logL = -115.390371 (converged)
AIC = 594.780742
BIC = 942.768929

count.K
9 13 18 10 

