logL = -146.154302 (converged)
AIC = 570.308603
BIC = 836.079801

count.K
20 23 7 

