logL = -134.929993 (converged)
AIC = 529.859986
BIC = 778.422977

count.K
36 10 4 

