logL = -105.420541 (converged)
AIC = 606.841082
BIC = 985.421637

count.K
1 29 19 1 

