logL = -221.379114 (converged)
AIC = 838.758227
BIC = 1217.338782

count.K
15 6 22 7 

