logL = -107.959062 (converged)
AIC = 725.918124
BIC = 1213.483991

count.K
8 20 11 8 3 

