logL = -133.894835 (converged)
AIC = 767.789670
BIC = 1245.795422

count.K
31 2 13 2 2 

