logL = -313.892127 (converged)
AIC = 935.784254
BIC = 1230.235797

count.K
22 11 17 

