logL = -173.744563 (converged)
AIC = 727.489126
BIC = 1090.773497

count.K
2 32 6 10 

