logL = -78.594012 (converged)
AIC = 777.188025
BIC = 1369.915157

count.K
1 5 3 1 36 4 

