logL = -276.936629 (converged)
AIC = 1113.873259
BIC = 1649.239700

count.K
9 6 1 30 4 

