logL = -331.025401 (converged)
AIC = 822.050802
BIC = 975.012643

count.K
23 27 

