logL = -194.221617 (converged)
AIC = 532.443235
BIC = 670.108891

count.K
17 33 

