logL = -524.309184 (converged)
AIC = 1838.618369
BIC = 2593.867456

count.K
10 2 13 17 8 

