logL = -234.475178 (converged)
AIC = 608.950357
BIC = 742.791967

count.K
29 21 

