logL = -148.920613 (converged)
AIC = 425.841226
BIC = 548.210698

count.K
17 33 

