logL = -179.442471 (converged)
AIC = 762.884942
BIC = 1149.113589

count.K
9 10 17 14 

