logL = -611.506345 (converged)
AIC = 1567.012689
BIC = 1895.880646

count.K
20 16 14 

