logL = -74.173554 (converged)
AIC = 598.347107
BIC = 1028.552283

count.K
16 10 6 6 12 

