logL = -274.280123 (converged)
AIC = 708.560246
BIC = 861.522086

count.K
30 20 

