logL = -135.433938 (converged)
AIC = 780.867875
BIC = 1268.433742

count.K
7 21 1 10 11 

