0	tsk_0	(x)	1	:	0.000000	1.000000	0.000000	0.000000	0.000000
1	tsk_1	(x)	1	:	0.000000	1.000000	0.000000	0.000000	0.000000
2	tsk_2	(x)	1	:	0.000000	1.000000	0.000000	0.000000	0.000000
3	tsk_3	(x)	1	:	0.000000	0.499996	0.324906	0.000000	0.175098
4	tsk_4	(x)	1	:	0.000000	1.000000	0.000000	0.000000	0.000000
5	tsk_5	(x)	1	:	0.000000	0.499997	0.373216	0.000000	0.126787
6	tsk_6	(x)	1	:	0.000000	1.000000	0.000000	0.000000	0.000000
7	tsk_7	(x)	1	:	0.000000	1.000000	0.000000	0.000000	0.000000
8	tsk_8	(x)	1	:	0.000000	1.000000	0.000000	0.000000	0.000000
9	tsk_9	(x)	1	:	0.000000	1.000000	0.000000	0.000000	0.000000
10	tsk_10	(x)	1	:	0.000000	0.000000	0.180666	0.000000	0.819334
11	tsk_11	(x)	1	:	0.000000	0.000000	0.177583	0.000000	0.822417
12	tsk_12	(x)	1	:	0.000000	0.000000	0.270699	0.000000	0.729301
13	tsk_13	(x)	1	:	0.000000	0.000000	0.365642	0.000000	0.634358
14	tsk_14	(x)	1	:	0.000000	0.000000	0.000000	0.000000	1.000000
15	tsk_15	(x)	1	:	0.000000	0.000000	0.436971	0.000000	0.563029
16	tsk_16	(x)	1	:	0.000000	0.000000	0.232865	0.000000	0.767135
17	tsk_17	(x)	1	:	0.000000	0.000000	0.339084	0.000000	0.660916
18	tsk_18	(x)	1	:	0.000000	0.000000	0.106441	0.000000	0.893559
19	tsk_19	(x)	1	:	0.000000	0.000000	0.233284	0.000000	0.766716
20	tsk_20	(x)	1	:	0.000000	0.000000	0.249921	0.000000	0.750079
21	tsk_21	(x)	1	:	0.000000	0.000000	0.551349	0.000000	0.448651
22	tsk_22	(x)	1	:	0.000000	0.000000	0.256748	0.000000	0.743252
23	tsk_23	(x)	1	:	0.000000	0.000000	0.150395	0.000000	0.849605
24	tsk_24	(x)	1	:	0.000000	0.000000	0.355013	0.000000	0.644987
25	tsk_25	(x)	1	:	0.000000	0.000000	0.363486	0.000000	0.636514
26	tsk_26	(x)	1	:	0.000000	0.000000	0.408119	0.000000	0.591881
27	tsk_27	(x)	1	:	0.000000	0.000000	0.344543	0.000000	0.655457
28	tsk_28	(x)	1	:	0.000000	0.000000	0.376556	0.000000	0.623444
29	tsk_29	(x)	1	:	0.000000	0.000000	0.207909	0.000000	0.792091
30	tsk_30	(x)	1	:	0.000000	0.000000	0.480520	0.000000	0.519480
31	tsk_31	(x)	1	:	0.000000	0.000000	0.244757	0.000000	0.755243
32	tsk_32	(x)	1	:	0.000000	0.000000	0.307825	0.000000	0.692175
33	tsk_33	(x)	1	:	0.000000	0.000000	0.000000	1.000000	0.000000
34	tsk_34	(x)	1	:	0.994294	0.000000	0.001443	0.000000	0.004263
35	tsk_35	(x)	1	:	0.000000	0.000000	0.490385	0.000000	0.509615
36	tsk_36	(x)	1	:	0.997510	0.000000	0.000000	0.000000	0.002490
37	tsk_37	(x)	1	:	0.000000	0.000000	0.395898	0.459112	0.144990
38	tsk_38	(x)	1	:	0.000000	0.000000	0.302662	0.459113	0.238225
39	tsk_39	(x)	1	:	0.559620	0.000165	0.000041	0.440100	0.000074
40	tsk_40	(x)	1	:	0.000000	0.000000	0.333457	0.517334	0.149209
41	tsk_41	(x)	1	:	0.000000	0.000000	0.000000	1.000000	0.000000
42	tsk_42	(x)	1	:	0.000000	0.000000	0.000000	1.000000	0.000000
43	tsk_43	(x)	1	:	0.000000	0.000000	0.000000	1.000000	0.000000
44	tsk_44	(x)	1	:	0.000000	0.000000	0.000000	1.000000	0.000000
45	tsk_45	(x)	1	:	0.000000	0.000000	0.421428	0.517334	0.061239
46	tsk_46	(x)	1	:	0.000000	0.000000	0.410283	0.517334	0.072383
47	tsk_47	(x)	1	:	0.000000	0.000000	0.328502	0.459113	0.212385
48	tsk_48	(x)	1	:	0.000000	0.000000	0.432849	0.000000	0.567151
49	tsk_49	(x)	1	:	0.000000	0.000000	0.395454	0.517334	0.087212
