logL = -241.410172 (converged)
AIC = 1062.820345
BIC = 1617.307016

count.K
9 18 14 2 7 

