logL = -54.875791 (converged)
AIC = 717.751581
BIC = 1299.006575

count.K
9 1 15 1 1 23 

