logL = -101.097850 (converged)
AIC = 822.195699
BIC = 1414.922831

count.K
5 6 13 7 8 11 

