logL = -408.587785 (converged)
AIC = 993.175570
BIC = 1161.433595

count.K
30 20 

