logL = -70.126198 (converged)
AIC = 760.252396
BIC = 1352.979528

count.K
35 1 5 2 1 6 

