0	tsk_0	(x)	1	:	0.999997	0.000000	0.000001	0.000001
1	tsk_1	(x)	1	:	0.999999	0.000000	0.000000	0.000001
2	tsk_2	(x)	1	:	0.444866	0.000000	0.308449	0.246685
3	tsk_3	(x)	1	:	0.999999	0.000000	0.000000	0.000001
4	tsk_4	(x)	1	:	0.444866	0.000000	0.148679	0.406455
5	tsk_5	(x)	1	:	0.999879	0.000000	0.000051	0.000070
6	tsk_6	(x)	1	:	1.000000	0.000000	0.000000	0.000000
7	tsk_7	(x)	1	:	0.999873	0.000000	0.000071	0.000055
8	tsk_8	(x)	1	:	0.444866	0.000000	0.304493	0.250641
9	tsk_9	(x)	1	:	0.444866	0.000000	0.330654	0.224480
10	tsk_10	(x)	1	:	0.442141	0.489212	0.024500	0.044147
11	tsk_11	(x)	1	:	1.000000	0.000000	0.000000	0.000000
12	tsk_12	(x)	1	:	0.444866	0.000000	0.448488	0.106646
13	tsk_13	(x)	1	:	1.000000	0.000000	0.000000	0.000000
14	tsk_14	(x)	1	:	0.999891	0.000000	0.000086	0.000023
15	tsk_15	(x)	1	:	1.000000	0.000000	0.000000	0.000000
16	tsk_16	(x)	1	:	0.999999	0.000000	0.000000	0.000001
17	tsk_17	(x)	1	:	0.999865	0.000000	0.000077	0.000059
18	tsk_18	(x)	1	:	0.999835	0.000000	0.000141	0.000024
19	tsk_19	(x)	1	:	1.000000	0.000000	0.000000	0.000000
20	tsk_20	(x)	1	:	0.000000	0.000000	0.450509	0.549491
21	tsk_21	(x)	1	:	0.000000	0.000000	0.368946	0.631054
22	tsk_22	(x)	1	:	0.000000	0.000000	0.406879	0.593120
23	tsk_23	(x)	1	:	0.000000	0.000000	0.246397	0.753603
24	tsk_24	(x)	1	:	0.000000	0.523620	0.348549	0.127832
25	tsk_25	(x)	1	:	0.000000	0.000000	0.331148	0.668852
26	tsk_26	(x)	1	:	0.000000	0.000000	0.277237	0.722763
27	tsk_27	(x)	1	:	0.000000	0.000000	0.360649	0.639350
28	tsk_28	(x)	1	:	0.000000	0.523620	0.309250	0.167131
29	tsk_29	(x)	1	:	0.000000	0.000000	0.246397	0.753603
30	tsk_30	(x)	1	:	0.000000	0.000000	0.465837	0.534163
31	tsk_31	(x)	1	:	0.000000	0.489542	0.064058	0.446400
32	tsk_32	(x)	1	:	0.000000	0.000000	0.503792	0.496208
33	tsk_33	(x)	1	:	0.000000	0.000000	0.367197	0.632803
34	tsk_34	(x)	1	:	0.444866	0.000000	0.260597	0.294537
35	tsk_35	(x)	1	:	0.000000	0.000000	0.443789	0.556211
36	tsk_36	(x)	1	:	0.000000	0.489542	0.091709	0.418749
37	tsk_37	(x)	1	:	0.444866	0.000000	0.241695	0.313439
38	tsk_38	(x)	1	:	0.000000	0.000000	0.363223	0.636777
39	tsk_39	(x)	1	:	0.000000	0.000000	0.365815	0.634184
40	tsk_40	(x)	1	:	0.444866	0.000000	0.190603	0.364531
41	tsk_41	(x)	1	:	0.999837	0.000000	0.000109	0.000054
42	tsk_42	(x)	1	:	0.999833	0.000000	0.000118	0.000049
43	tsk_43	(x)	1	:	0.000000	0.494541	0.058007	0.447452
44	tsk_44	(x)	1	:	0.000000	0.000000	0.342073	0.657927
45	tsk_45	(x)	1	:	0.444866	0.000000	0.226918	0.328217
46	tsk_46	(x)	1	:	0.000000	1.000000	0.000000	0.000000
47	tsk_47	(x)	1	:	0.000000	0.494541	0.069522	0.435937
48	tsk_48	(x)	1	:	0.439632	0.493902	0.033317	0.033149
49	tsk_49	(x)	1	:	0.440447	0.494001	0.025088	0.040464
