logL = -181.833380 (converged)
AIC = 641.666760
BIC = 907.437958

count.K
25 13 12 

