logL = -46.332460 (converged)
AIC = 552.664919
BIC = 992.430210

count.K
4 22 6 4 14 

