logL = -45.841109 (converged)
AIC = 561.682219
BIC = 1011.007625

count.K
27 1 2 19 1 

