logL = -591.361943 (converged)
AIC = 1650.723885
BIC = 2098.137269

count.K
10 11 6 23 

