logL = -109.020697 (converged)
AIC = 708.041393
BIC = 1176.487030

count.K
17 1 5 1 26 

