logL = -228.864209 (converged)
AIC = 729.728419
BIC = 989.763547

count.K
8 18 24 

