logL = -143.020213 (converged)
AIC = 534.040426
BIC = 771.131278

count.K
17 16 17 

