logL = -169.236426 (converged)
AIC = 466.472851
BIC = 588.842324

count.K
17 33 

