logL = -122.701794 (converged)
AIC = 877.403589
BIC = 1481.602858

count.K
1 20 14 13 0 2 

