logL = -142.354221 (converged)
AIC = 562.708442
BIC = 828.479640

count.K
26 6 18 

