logL = -204.814295 (converged)
AIC = 999.628591
BIC = 1563.675377

count.K
27 10 2 5 6 

