logL = -187.822185 (converged)
AIC = 641.644369
BIC = 895.943429

count.K
6 33 11 

