0	tsk_0	(x)	1	:	0.000000	0.000000	0.435731	0.469404	0.094864
1	tsk_1	(x)	1	:	0.000000	0.000000	0.804684	0.000000	0.195316
2	tsk_2	(x)	1	:	0.000000	0.000000	0.000000	1.000000	0.000000
3	tsk_3	(x)	1	:	0.000000	0.000000	0.156024	0.587659	0.256317
4	tsk_4	(x)	1	:	0.000000	0.000000	0.518449	0.000000	0.481551
5	tsk_5	(x)	1	:	0.000000	0.000000	0.389379	0.469462	0.141159
6	tsk_6	(x)	1	:	0.000000	0.483951	0.345512	0.000000	0.170537
7	tsk_7	(x)	1	:	0.000000	0.000000	0.665755	0.000000	0.334244
8	tsk_8	(x)	1	:	0.000000	0.000000	0.000000	1.000000	0.000000
9	tsk_9	(x)	1	:	0.000000	0.483333	0.212795	0.000000	0.303872
10	tsk_10	(x)	1	:	0.000000	0.000000	0.767522	0.000000	0.232478
11	tsk_11	(x)	1	:	0.000000	0.547338	0.221990	0.000000	0.230672
12	tsk_12	(x)	1	:	0.000000	0.547116	0.238312	0.000000	0.214573
13	tsk_13	(x)	1	:	0.000000	0.000000	0.713532	0.000000	0.286468
14	tsk_14	(x)	1	:	0.000000	0.000000	0.675956	0.000000	0.324044
15	tsk_15	(x)	1	:	0.000000	0.547036	0.131293	0.000000	0.321671
16	tsk_16	(x)	1	:	0.000000	0.954735	0.000001	0.000000	0.045264
17	tsk_17	(x)	1	:	0.000000	0.000000	0.758811	0.000000	0.241189
18	tsk_18	(x)	1	:	0.000000	0.000000	0.339605	0.000000	0.660395
19	tsk_19	(x)	1	:	0.000000	0.000000	0.728474	0.000000	0.271526
20	tsk_20	(x)	1	:	0.000000	0.000000	0.173204	0.000000	0.826795
21	tsk_21	(x)	1	:	0.000000	0.000000	0.536099	0.000000	0.463901
22	tsk_22	(x)	1	:	0.000000	0.000016	0.467487	0.229591	0.302906
23	tsk_23	(x)	1	:	0.000000	0.000000	0.671332	0.000000	0.328668
24	tsk_24	(x)	1	:	0.000000	0.000000	0.604550	0.000000	0.395450
25	tsk_25	(x)	1	:	0.000000	0.000000	0.437799	0.229566	0.332635
26	tsk_26	(x)	1	:	0.000000	0.000000	0.458457	0.000000	0.541543
27	tsk_27	(x)	1	:	0.000000	0.000000	0.606807	0.229497	0.163696
28	tsk_28	(x)	1	:	0.000000	0.000000	0.518934	0.000000	0.481066
29	tsk_29	(x)	1	:	1.000000	0.000000	0.000000	0.000000	0.000000
30	tsk_30	(x)	1	:	0.000000	0.000000	0.602383	0.000000	0.397617
31	tsk_31	(x)	1	:	0.000000	0.000000	0.676106	0.000000	0.323894
32	tsk_32	(x)	1	:	0.000000	0.000000	0.518445	0.000000	0.481555
33	tsk_33	(x)	1	:	0.000000	0.000000	0.591670	0.000000	0.408330
34	tsk_34	(x)	1	:	0.000000	0.000000	0.844065	0.000000	0.155935
35	tsk_35	(x)	1	:	0.000000	0.000000	0.597815	0.000000	0.402185
36	tsk_36	(x)	1	:	0.000000	0.000000	0.599010	0.000000	0.400990
37	tsk_37	(x)	1	:	0.000000	0.000000	0.344180	0.000000	0.655820
38	tsk_38	(x)	1	:	0.000000	0.000000	0.459023	0.000000	0.540977
39	tsk_39	(x)	1	:	0.000000	0.000000	0.909974	0.000000	0.090026
40	tsk_40	(x)	1	:	0.000000	0.502010	0.000000	0.000000	0.497990
41	tsk_41	(x)	1	:	0.000000	0.505839	0.301010	0.000000	0.193151
42	tsk_42	(x)	1	:	0.000000	0.000000	0.722007	0.000000	0.277993
43	tsk_43	(x)	1	:	0.000000	0.000000	0.537235	0.000000	0.462765
44	tsk_44	(x)	1	:	0.000000	0.000000	0.716376	0.000000	0.283624
45	tsk_45	(x)	1	:	0.000000	0.000000	0.411657	0.000000	0.588343
46	tsk_46	(x)	1	:	0.000000	0.000000	0.184084	0.000000	0.815916
47	tsk_47	(x)	1	:	0.000000	0.000000	0.390640	0.469429	0.139931
48	tsk_48	(x)	1	:	0.000000	0.000000	0.807466	0.000000	0.192534
49	tsk_49	(x)	1	:	0.000000	0.507552	0.320750	0.000000	0.171698
