logL = -404.116641 (converged)
AIC = 964.233282
BIC = 1113.371076

count.K
31 19 

