logL = -433.349895 (converged)
AIC = 1556.699789
BIC = 2216.347726

count.K
8 3 18 16 5 

