logL = -115.920793 (converged)
AIC = 587.841585
BIC = 928.181680

count.K
4 24 12 10 

