logL = -257.557272 (converged)
AIC = 659.114543
BIC = 796.780200

count.K
22 28 

