logL = -91.224068 (converged)
AIC = 562.448135
BIC = 925.732506

count.K
39 3 3 5 

