logL = -221.073654 (converged)
AIC = 1158.147309
BIC = 1842.651545

count.K
6 6 10 13 13 2 

