logL = -174.706862 (converged)
AIC = 745.413723
BIC = 1123.994278

count.K
23 10 0 17 

