logL = -56.503758 (converged)
AIC = 469.007515
BIC = 809.347610

count.K
12 1 12 25 

