0	tsk_0	(x)	1	:	1.000000	0.000000	0.000000	0.000000	0.000000
1	tsk_1	(x)	1	:	0.000000	0.000000	1.000000	0.000000	0.000000
2	tsk_2	(x)	1	:	0.500396	0.499604	0.000000	0.000000	0.000000
3	tsk_3	(x)	1	:	0.000005	0.999995	0.000000	0.000000	0.000000
4	tsk_4	(x)	1	:	1.000000	0.000000	0.000000	0.000000	0.000000
5	tsk_5	(x)	1	:	0.420233	0.000000	0.579767	0.000000	0.000000
6	tsk_6	(x)	1	:	1.000000	0.000000	0.000000	0.000000	0.000000
7	tsk_7	(x)	1	:	1.000000	0.000000	0.000000	0.000000	0.000000
8	tsk_8	(x)	1	:	0.500321	0.499679	0.000000	0.000000	0.000000
9	tsk_9	(x)	1	:	0.500310	0.499690	0.000000	0.000000	0.000000
10	tsk_10	(x)	1	:	1.000000	0.000000	0.000000	0.000000	0.000000
11	tsk_11	(x)	1	:	0.499998	0.500002	0.000000	0.000000	0.000000
12	tsk_12	(x)	1	:	0.003717	0.502464	0.000000	0.493818	0.000000
13	tsk_13	(x)	1	:	0.000000	0.000000	0.000000	0.999973	0.000027
14	tsk_14	(x)	1	:	0.500202	0.499798	0.000000	0.000000	0.000000
15	tsk_15	(x)	1	:	0.000000	0.000000	0.000000	0.999965	0.000035
16	tsk_16	(x)	1	:	0.000011	0.000006	0.531132	0.468851	0.000000
17	tsk_17	(x)	1	:	0.499925	0.500075	0.000000	0.000000	0.000000
18	tsk_18	(x)	1	:	0.002454	0.503412	0.000000	0.494134	0.000000
19	tsk_19	(x)	1	:	0.000000	0.000003	0.531141	0.468855	0.000000
20	tsk_20	(x)	1	:	0.000000	0.000000	0.000000	0.999985	0.000014
21	tsk_21	(x)	1	:	0.000000	0.000000	0.000000	0.491049	0.508951
22	tsk_22	(x)	1	:	0.506998	0.000000	0.000000	0.493002	0.000000
23	tsk_23	(x)	1	:	0.000000	0.000000	0.000000	0.491020	0.508980
24	tsk_24	(x)	1	:	0.000000	0.000000	0.000000	0.999967	0.000033
25	tsk_25	(x)	1	:	0.502195	0.000000	0.000000	0.003248	0.494556
26	tsk_26	(x)	1	:	0.000000	0.000000	0.000000	0.999975	0.000025
27	tsk_27	(x)	1	:	0.000000	0.000000	0.000000	0.999959	0.000041
28	tsk_28	(x)	1	:	0.000000	0.000000	0.000000	0.999979	0.000021
29	tsk_29	(x)	1	:	0.000000	0.000000	0.000000	0.491043	0.508957
30	tsk_30	(x)	1	:	0.502205	0.000000	0.000000	0.003212	0.494584
31	tsk_31	(x)	1	:	0.000000	0.000000	0.000000	0.000001	0.999999
32	tsk_32	(x)	1	:	0.000000	0.000000	0.000000	0.324762	0.675238
33	tsk_33	(x)	1	:	0.502138	0.000000	0.000000	0.003481	0.494381
34	tsk_34	(x)	1	:	0.502132	0.000000	0.000000	0.003505	0.494363
35	tsk_35	(x)	1	:	0.502112	0.000000	0.000000	0.003588	0.494300
36	tsk_36	(x)	1	:	0.502126	0.000000	0.000000	0.003530	0.494344
37	tsk_37	(x)	1	:	0.000000	0.000000	0.000000	0.000005	0.999995
38	tsk_38	(x)	1	:	0.000000	0.000000	0.000000	0.000004	0.999996
39	tsk_39	(x)	1	:	0.000000	0.000000	0.000000	0.000006	0.999994
40	tsk_40	(x)	1	:	0.502116	0.000000	0.000000	0.003572	0.494313
41	tsk_41	(x)	1	:	0.500308	0.499692	0.000000	0.000000	0.000000
42	tsk_42	(x)	1	:	0.052403	0.000000	0.341136	0.362282	0.244179
43	tsk_43	(x)	1	:	0.502161	0.000000	0.000000	0.003387	0.494452
44	tsk_44	(x)	1	:	0.000000	0.000000	1.000000	0.000000	0.000000
45	tsk_45	(x)	1	:	0.000002	0.999998	0.000000	0.000000	0.000000
46	tsk_46	(x)	1	:	0.658908	0.000000	0.341092	0.000000	0.000000
47	tsk_47	(x)	1	:	0.393513	0.000000	0.000000	0.362296	0.244191
48	tsk_48	(x)	1	:	0.001247	0.000000	0.998753	0.000000	0.000000
49	tsk_49	(x)	1	:	0.000000	0.000000	1.000000	0.000000	0.000000
