logL = -54.568386 (converged)
AIC = 639.136773
BIC = 1145.822869

count.K
20 7 12 10 1 

