logL = -304.719771 (converged)
AIC = 893.439541
BIC = 1164.946808

count.K
18 11 21 

