logL = -192.309762 (converged)
AIC = 656.619523
BIC = 916.654652

count.K
20 14 16 

