logL = -342.288410 (converged)
AIC = 848.576819
BIC = 1005.362706

count.K
21 29 

