logL = -447.729420 (converged)
AIC = 1427.458839
BIC = 1936.056959

count.K
15 8 17 10 

