logL = -157.642689 (converged)
AIC = 581.285378
BIC = 835.584438

count.K
18 6 26 

