logL = -178.898213 (converged)
AIC = 485.796426
BIC = 608.165899

count.K
28 22 

