logL = -188.521271 (converged)
AIC = 661.042543
BIC = 932.549810

count.K
5 31 14 

