logL = -187.117355 (converged)
AIC = 874.234709
BIC = 1352.240461

count.K
18 5 16 9 2 

