logL = -161.952817 (converged)
AIC = 843.905635
BIC = 1341.031616

count.K
2 8 11 25 4 

