logL = -228.038796 (converged)
AIC = 612.077591
BIC = 761.215386

count.K
16 34 

