logL = -202.249074 (converged)
AIC = 540.498148
BIC = 670.515712

count.K
30 20 

