logL = -114.253772 (converged)
AIC = 728.507543
BIC = 1206.513295

count.K
2 4 18 14 12 

