logL = -16.877117 (converged)
AIC = 569.754235
BIC = 1082.176400

count.K
1 4 4 10 3 28 

