logL = -173.469778 (converged)
AIC = 990.939556
BIC = 1606.610964

count.K
19 4 1 19 7 0 

