logL = -161.120247 (converged)
AIC = 474.240495
BIC = 619.554243

count.K
38 12 

