logL = -582.424160 (converged)
AIC = 1598.848320
BIC = 2013.757312

count.K
22 20 8 

