logL = -524.308965 (converged)
AIC = 1660.617930
BIC = 2245.696970

count.K
16 8 11 15 

