logL = -120.308020 (converged)
AIC = 750.616040
BIC = 1238.181907

count.K
16 3 3 20 8 

