logL = -349.718120 (converged)
AIC = 1013.436240
BIC = 1313.623852

count.K
22 18 10 

