logL = -126.848814 (converged)
AIC = 763.697628
BIC = 1251.263494

count.K
20 0 9 20 1 

