logL = -164.116379 (converged)
AIC = 878.232759
BIC = 1404.039085

count.K
6 16 3 12 13 

