logL = -481.615151 (converged)
AIC = 1715.230303
BIC = 2434.150953

count.K
5 6 11 8 11 9 

