logL = -123.772085 (converged)
AIC = 777.544170
BIC = 1284.230266

count.K
6 19 12 5 8 

