logL = -294.698210 (converged)
AIC = 1033.396421
BIC = 1457.865528

count.K
8 18 7 17 

