logL = -191.945310 (converged)
AIC = 1147.890619
BIC = 1878.283407

count.K
1 1 11 24 4 9 

