logL = -150.849989 (converged)
AIC = 567.699978
BIC = 821.999038

count.K
7 12 31 

