logL = -217.136098 (converged)
AIC = 886.272196
BIC = 1318.389395

count.K
8 4 28 10 

