logL = -190.567917 (converged)
AIC = 659.135835
BIC = 924.907032

count.K
18 5 27 

