logL = -292.162085 (converged)
AIC = 1028.324170
BIC = 1452.793278

count.K
12 19 16 3 

