logL = -423.300907 (converged)
AIC = 1022.601813
BIC = 1190.859838

count.K
15 35 

