logL = -123.915428 (converged)
AIC = 737.830856
BIC = 1206.276493

count.K
22 7 2 10 9 

