logL = -195.976268 (converged)
AIC = 851.952537
BIC = 1291.717828

count.K
16 8 20 6 

