logL = -206.418229 (converged)
AIC = 972.836458
BIC = 1508.202900

count.K
5 2 31 7 5 

