logL = -338.082488 (converged)
AIC = 1404.164976
BIC = 2100.141350

count.K
8 14 4 10 12 2 

