logL = -301.258064 (converged)
AIC = 928.516129
BIC = 1240.175879

count.K
14 22 14 

