logL = -112.180652 (converged)
AIC = 724.361304
BIC = 1202.367055

count.K
3 29 7 6 5 

