0	tsk_0	(x)	1	:	0.309148	0.547302	0.000000	0.143551	0.000000	0.000000
1	tsk_1	(x)	1	:	0.000000	0.998668	0.000000	0.000000	0.000000	0.001332
2	tsk_2	(x)	1	:	0.000000	0.000000	0.000000	0.000000	0.000000	1.000000
3	tsk_3	(x)	1	:	0.000000	0.998168	0.000000	0.000000	0.000000	0.001832
4	tsk_4	(x)	1	:	0.090255	0.000000	0.000000	0.415092	0.000000	0.494653
5	tsk_5	(x)	1	:	0.401994	0.000000	0.000000	0.103345	0.000000	0.494661
6	tsk_6	(x)	1	:	0.189919	0.000000	0.000000	0.315423	0.000000	0.494658
7	tsk_7	(x)	1	:	0.000000	0.000000	0.000000	0.000000	0.000000	1.000000
8	tsk_8	(x)	1	:	0.000000	0.994940	0.000000	0.000000	0.000000	0.005060
9	tsk_9	(x)	1	:	0.302469	0.547301	0.000000	0.150230	0.000000	0.000000
10	tsk_10	(x)	1	:	0.000000	0.000000	0.000000	0.000000	0.507995	0.492004
11	tsk_11	(x)	1	:	0.000000	0.000000	0.000000	0.000000	0.403100	0.596900
12	tsk_12	(x)	1	:	0.000000	0.000000	0.000000	0.000000	0.507993	0.492007
13	tsk_13	(x)	1	:	0.000000	0.000000	0.000000	0.000000	0.000000	1.000000
14	tsk_14	(x)	1	:	0.000000	0.000000	0.000000	0.000000	0.000000	1.000000
15	tsk_15	(x)	1	:	0.000000	0.000000	0.000000	0.000000	1.000000	0.000000
16	tsk_16	(x)	1	:	0.437613	0.000000	0.000000	0.061490	0.498350	0.002547
17	tsk_17	(x)	1	:	0.000000	0.000000	0.000000	0.000000	0.507997	0.492003
18	tsk_18	(x)	1	:	0.000000	0.000000	0.000000	0.000000	0.000000	1.000000
19	tsk_19	(x)	1	:	0.000000	0.000000	0.000000	0.000000	1.000000	0.000000
20	tsk_20	(x)	1	:	0.000000	0.998576	0.000000	0.000000	0.000000	0.001424
21	tsk_21	(x)	1	:	0.000000	0.996961	0.000000	0.000000	0.000000	0.003039
22	tsk_22	(x)	1	:	0.000000	0.000000	0.000000	0.000000	0.000000	1.000000
23	tsk_23	(x)	1	:	0.000000	0.000000	0.000000	0.000000	0.000000	1.000000
24	tsk_24	(x)	1	:	0.000000	0.000000	0.000000	0.000000	0.000000	1.000000
25	tsk_25	(x)	1	:	0.000000	1.000000	0.000000	0.000000	0.000000	0.000000
26	tsk_26	(x)	1	:	0.000000	0.996917	0.000000	0.000000	0.000000	0.003083
27	tsk_27	(x)	1	:	0.000000	1.000000	0.000000	0.000000	0.000000	0.000000
28	tsk_28	(x)	1	:	0.000000	0.000000	0.000000	0.000000	0.000000	1.000000
29	tsk_29	(x)	1	:	0.000000	0.000000	0.000000	0.000000	0.000000	1.000000
30	tsk_30	(x)	1	:	0.985947	0.000000	0.000000	0.014053	0.000000	0.000000
31	tsk_31	(x)	1	:	0.068143	0.000000	0.000000	0.437210	0.000000	0.494647
32	tsk_32	(x)	1	:	0.438114	0.000000	0.000000	0.060971	0.498324	0.002590
33	tsk_33	(x)	1	:	0.369679	0.000000	0.000000	0.135663	0.000000	0.494658
34	tsk_34	(x)	1	:	0.224816	0.000000	0.000000	0.273887	0.497655	0.003642
35	tsk_35	(x)	1	:	0.286010	0.000000	0.000000	0.212727	0.497838	0.003425
36	tsk_36	(x)	1	:	0.981416	0.000000	0.000000	0.018584	0.000000	0.000000
37	tsk_37	(x)	1	:	0.996557	0.000000	0.000000	0.003442	0.000000	0.000000
38	tsk_38	(x)	1	:	0.274237	0.000000	0.000000	0.224507	0.497726	0.003530
39	tsk_39	(x)	1	:	0.000000	0.000000	0.000000	0.000000	0.000000	1.000000
40	tsk_40	(x)	1	:	0.987232	0.000000	0.000000	0.012768	0.000000	0.000000
41	tsk_41	(x)	1	:	0.954902	0.000000	0.000000	0.045098	0.000000	0.000000
42	tsk_42	(x)	1	:	0.959578	0.000000	0.000000	0.040422	0.000000	0.000000
43	tsk_43	(x)	1	:	0.989103	0.000000	0.000000	0.010897	0.000000	0.000000
44	tsk_44	(x)	1	:	0.507292	0.000000	0.490757	0.001951	0.000000	0.000000
45	tsk_45	(x)	1	:	0.201740	0.000000	0.000000	0.303609	0.000000	0.494651
46	tsk_46	(x)	1	:	0.984786	0.000000	0.000000	0.015214	0.000000	0.000000
47	tsk_47	(x)	1	:	0.994127	0.000000	0.000000	0.005873	0.000000	0.000000
48	tsk_48	(x)	1	:	0.000440	0.531770	0.467523	0.000266	0.000000	0.000001
49	tsk_49	(x)	1	:	0.995545	0.000000	0.000000	0.004455	0.000000	0.000000
