logL = -215.623342 (converged)
AIC = 971.246683
BIC = 1487.492895

count.K
10 9 4 14 13 

