logL = -250.773696 (converged)
AIC = 1217.547391
BIC = 1902.051627

count.K
5 12 17 15 1 0 

