logL = -431.462888 (converged)
AIC = 1026.925776
BIC = 1183.711662

count.K
27 23 

