logL = -136.315407 (converged)
AIC = 526.630813
BIC = 769.457735

count.K
7 25 18 

