logL = -365.090781 (converged)
AIC = 1032.181562
BIC = 1320.897036

count.K
12 7 31 

