logL = -250.609412 (converged)
AIC = 791.218823
BIC = 1068.462159

count.K
34 9 7 

