logL = -180.181191 (converged)
AIC = 488.362382
BIC = 610.731855

count.K
27 23 

