logL = -369.774334 (converged)
AIC = 1047.548668
BIC = 1342.000211

count.K
18 15 17 

