logL = -269.850252 (converged)
AIC = 1303.700505
BIC = 2034.093293

count.K
10 21 10 3 5 1 

