logL = -268.048913 (converged)
AIC = 1216.097826
BIC = 1866.185648

count.K
15 10 2 6 15 2 

