0	tsk_0	(x)	1	:	0.000000	0.489869	0.510129	0.000000	0.000002	0.000000
1	tsk_1	(x)	1	:	0.000000	1.000000	0.000000	0.000000	0.000000	0.000000
2	tsk_2	(x)	1	:	0.000000	0.000000	1.000000	0.000000	0.000000	0.000000
3	tsk_3	(x)	1	:	0.000000	0.362250	0.378678	0.259071	0.000000	0.000000
4	tsk_4	(x)	1	:	0.000000	0.489870	0.510130	0.000000	0.000000	0.000000
5	tsk_5	(x)	1	:	0.488506	0.001536	0.509958	0.000000	0.000000	0.000000
6	tsk_6	(x)	1	:	0.000000	0.000000	1.000000	0.000000	0.000000	0.000000
7	tsk_7	(x)	1	:	0.486497	0.004550	0.508953	0.000000	0.000000	0.000000
8	tsk_8	(x)	1	:	0.000000	0.000000	0.543132	0.000000	0.000000	0.456868
9	tsk_9	(x)	1	:	0.000000	0.489870	0.510130	0.000000	0.000000	0.000000
10	tsk_10	(x)	1	:	0.000001	0.143534	0.283125	0.116145	0.000000	0.457195
11	tsk_11	(x)	1	:	0.000000	0.726593	0.179942	0.093465	0.000000	0.000000
12	tsk_12	(x)	1	:	0.489032	0.510968	0.000000	0.000000	0.000000	0.000000
13	tsk_13	(x)	1	:	0.491335	0.233935	0.182111	0.092619	0.000000	0.000000
14	tsk_14	(x)	1	:	0.000000	0.726547	0.179347	0.094104	0.000002	0.000000
15	tsk_15	(x)	1	:	0.000001	0.488377	0.057774	0.000000	0.000000	0.453848
16	tsk_16	(x)	1	:	0.000000	0.578785	0.003153	0.000000	0.000000	0.418062
17	tsk_17	(x)	1	:	0.000000	0.999993	0.000007	0.000000	0.000000	0.000000
18	tsk_18	(x)	1	:	1.000000	0.000000	0.000000	0.000000	0.000000	0.000000
19	tsk_19	(x)	1	:	0.634842	0.000004	0.224300	0.140854	0.000000	0.000000
20	tsk_20	(x)	1	:	0.601125	0.000557	0.000000	0.000000	0.398317	0.000000
21	tsk_21	(x)	1	:	0.000000	0.447876	0.000000	0.000000	0.552124	0.000000
22	tsk_22	(x)	1	:	0.000000	0.000000	0.516632	0.483368	0.000000	0.000000
23	tsk_23	(x)	1	:	0.000000	0.000072	0.000000	0.000000	0.999928	0.000000
24	tsk_24	(x)	1	:	0.000000	0.001482	0.495810	0.000000	0.502707	0.000000
25	tsk_25	(x)	1	:	0.000000	0.000000	0.000000	1.000000	0.000000	0.000000
26	tsk_26	(x)	1	:	0.000000	0.001092	0.495899	0.000000	0.503009	0.000000
27	tsk_27	(x)	1	:	0.000000	0.000000	0.516632	0.483368	0.000000	0.000000
28	tsk_28	(x)	1	:	0.000000	0.448061	0.000000	0.000000	0.551939	0.000000
29	tsk_29	(x)	1	:	0.000000	0.000000	0.000000	1.000000	0.000000	0.000000
30	tsk_30	(x)	1	:	0.000001	0.999998	0.000000	0.000000	0.000001	0.000000
31	tsk_31	(x)	1	:	0.000001	0.999999	0.000000	0.000000	0.000000	0.000000
32	tsk_32	(x)	1	:	0.000000	0.126401	0.000000	0.000000	0.873599	0.000000
33	tsk_33	(x)	1	:	0.000000	1.000000	0.000000	0.000000	0.000000	0.000000
34	tsk_34	(x)	1	:	0.000000	0.003309	0.000000	0.000000	0.996691	0.000000
35	tsk_35	(x)	1	:	0.000001	0.463342	0.000000	0.000000	0.536657	0.000000
36	tsk_36	(x)	1	:	0.000001	0.999997	0.000000	0.000000	0.000001	0.000000
37	tsk_37	(x)	1	:	0.000000	0.463847	0.000000	0.000000	0.536153	0.000000
38	tsk_38	(x)	1	:	0.000000	0.463914	0.000000	0.000000	0.536086	0.000000
39	tsk_39	(x)	1	:	0.000001	0.999999	0.000000	0.000000	0.000000	0.000000
40	tsk_40	(x)	1	:	0.000000	0.429119	0.000002	0.000000	0.000000	0.570879
41	tsk_41	(x)	1	:	0.000000	1.000000	0.000000	0.000000	0.000000	0.000000
42	tsk_42	(x)	1	:	0.000000	0.490132	0.052456	0.000000	0.000000	0.457412
43	tsk_43	(x)	1	:	0.000000	0.000000	0.543132	0.000000	0.000000	0.456868
44	tsk_44	(x)	1	:	0.000000	0.999999	0.000000	0.000000	0.000000	0.000000
45	tsk_45	(x)	1	:	0.000000	0.490013	0.052816	0.000000	0.000000	0.457171
46	tsk_46	(x)	1	:	0.000000	0.000000	0.000000	0.000000	0.000000	1.000000
47	tsk_47	(x)	1	:	0.000000	0.490304	0.051936	0.000000	0.000000	0.457760
48	tsk_48	(x)	1	:	0.000000	0.000000	0.543132	0.000000	0.000000	0.456868
49	tsk_49	(x)	1	:	0.000000	0.429119	0.000001	0.000000	0.000000	0.570880
