logL = -39.298497 (converged)
AIC = 418.596993
BIC = 743.640904

count.K
30 4 1 15 

