logL = -140.406264 (converged)
AIC = 668.812528
BIC = 1039.744991

count.K
16 4 16 14 

