logL = -59.253963 (converged)
AIC = 578.507926
BIC = 1018.273218

count.K
17 3 14 2 14 

