logL = -257.032996 (converged)
AIC = 942.065992
BIC = 1351.238915

count.K
4 21 10 15 

