logL = -178.332821 (converged)
AIC = 876.665643
BIC = 1373.791624

count.K
12 5 25 5 3 

