logL = -75.175725 (converged)
AIC = 758.351450
BIC = 1339.606443

count.K
16 1 4 6 19 4 

