logL = -230.256545 (converged)
AIC = 780.513090
BIC = 1086.436771

count.K
8 33 9 

