logL = -295.709399 (converged)
AIC = 1161.418798
BIC = 1706.345354

count.K
30 3 8 8 1 

