logL = -49.094604 (converged)
AIC = 754.189208
BIC = 1381.332753

count.K
18 1 4 16 4 7 

