logL = -119.182684 (converged)
AIC = 894.365367
BIC = 1521.508913

count.K
5 10 4 12 16 3 

