logL = -217.825946 (converged)
AIC = 863.651892
BIC = 1272.824816

count.K
8 21 15 6 

