logL = -86.462911 (converged)
AIC = 528.925823
BIC = 869.265918

count.K
20 12 8 10 

