logL = -151.638374 (converged)
AIC = 551.276749
BIC = 788.367601

count.K
20 18 12 

