logL = -75.951377 (converged)
AIC = 621.902754
BIC = 1071.228161

count.K
24 4 3 18 1 

