logL = -14.624027 (converged)
AIC = 565.248054
BIC = 1077.670220

count.K
18 3 5 7 3 14 

