logL = -285.363095 (converged)
AIC = 990.726190
BIC = 1392.251021

count.K
17 7 12 14 

