logL = -181.615439 (converged)
AIC = 503.230877
BIC = 637.072487

count.K
25 25 

