logL = -60.452400 (converged)
AIC = 740.904800
BIC = 1333.631932

count.K
2 27 3 10 3 5 

