logL = -74.936918 (converged)
AIC = 757.873835
BIC = 1339.128829

count.K
9 4 3 9 15 10 

