logL = -363.388287 (converged)
AIC = 1376.776574
BIC = 1998.184051

count.K
13 3 7 12 15 

