logL = -198.793662 (converged)
AIC = 687.587323
BIC = 964.830659

count.K
35 7 8 

