logL = -223.459713 (converged)
AIC = 850.919426
BIC = 1237.148073

count.K
15 7 23 5 

