logL = -131.394348 (converged)
AIC = 846.788697
BIC = 1405.099414

count.K
7 10 12 18 0 3 

