logL = -322.409864 (converged)
AIC = 808.819727
BIC = 965.605614

count.K
21 29 

