logL = -107.989686 (converged)
AIC = 469.979373
BIC = 712.806294

count.K
18 2 30 

