0	tsk_0	(x)	1	:	0.000000	0.000000	0.000000	0.000000	0.000000	1.000000
1	tsk_1	(x)	1	:	0.000000	0.000000	0.000000	0.000000	0.000000	1.000000
2	tsk_2	(x)	1	:	0.000000	0.000000	0.000000	0.000000	0.000000	1.000000
3	tsk_3	(x)	1	:	0.220267	0.219209	0.000000	0.000000	0.060524	0.500000
4	tsk_4	(x)	1	:	0.000000	0.000000	0.000000	0.000000	0.000000	1.000000
5	tsk_5	(x)	1	:	0.016298	0.258868	0.000000	0.000000	0.224834	0.500000
6	tsk_6	(x)	1	:	0.000000	0.000000	0.000000	0.000000	0.000000	1.000000
7	tsk_7	(x)	1	:	0.000000	0.000000	0.000000	0.000000	0.000000	1.000000
8	tsk_8	(x)	1	:	0.000000	0.000000	0.000000	0.000000	0.000000	1.000000
9	tsk_9	(x)	1	:	0.000000	0.000000	0.000000	0.000000	0.000000	1.000000
10	tsk_10	(x)	1	:	0.946919	0.000000	0.000000	0.000000	0.053081	0.000000
11	tsk_11	(x)	1	:	0.488826	0.000000	0.000000	0.000000	0.511174	0.000000
12	tsk_12	(x)	1	:	0.693057	0.000000	0.000000	0.000000	0.306943	0.000000
13	tsk_13	(x)	1	:	1.000000	0.000000	0.000000	0.000000	0.000000	0.000000
14	tsk_14	(x)	1	:	0.463113	0.314283	0.000000	0.000000	0.222604	0.000000
15	tsk_15	(x)	1	:	1.000000	0.000000	0.000000	0.000000	0.000000	0.000000
16	tsk_16	(x)	1	:	0.871786	0.128213	0.000000	0.000000	0.000000	0.000000
17	tsk_17	(x)	1	:	0.778766	0.000000	0.000000	0.000000	0.221234	0.000000
18	tsk_18	(x)	1	:	0.885189	0.000000	0.000000	0.000000	0.114811	0.000000
19	tsk_19	(x)	1	:	0.403182	0.421001	0.000000	0.000000	0.175818	0.000000
20	tsk_20	(x)	1	:	0.896255	0.103745	0.000000	0.000000	0.000000	0.000000
21	tsk_21	(x)	1	:	0.791006	0.000000	0.000000	0.000000	0.208994	0.000000
22	tsk_22	(x)	1	:	1.000000	0.000000	0.000000	0.000000	0.000000	0.000000
23	tsk_23	(x)	1	:	0.677804	0.322196	0.000000	0.000000	0.000000	0.000000
24	tsk_24	(x)	1	:	0.648471	0.000000	0.000000	0.000000	0.351529	0.000000
25	tsk_25	(x)	1	:	1.000000	0.000000	0.000000	0.000000	0.000000	0.000000
26	tsk_26	(x)	1	:	0.770170	0.000000	0.000000	0.000000	0.229830	0.000000
27	tsk_27	(x)	1	:	0.825510	0.174490	0.000000	0.000000	0.000000	0.000000
28	tsk_28	(x)	1	:	0.453055	0.231209	0.000000	0.000000	0.315736	0.000000
29	tsk_29	(x)	1	:	0.701848	0.205596	0.000000	0.000000	0.092555	0.000000
30	tsk_30	(x)	1	:	0.103919	0.562116	0.000000	0.000000	0.333965	0.000000
31	tsk_31	(x)	1	:	0.013720	0.238724	0.000000	0.000000	0.747556	0.000000
32	tsk_32	(x)	1	:	0.797597	0.020449	0.000000	0.000000	0.181954	0.000000
33	tsk_33	(x)	1	:	0.000000	0.000000	0.000000	0.999913	0.000000	0.000087
34	tsk_34	(x)	1	:	0.426199	0.000000	0.500013	0.000000	0.073787	0.000000
35	tsk_35	(x)	1	:	0.803154	0.196846	0.000000	0.000000	0.000000	0.000000
36	tsk_36	(x)	1	:	0.409697	0.039257	0.500011	0.000000	0.051035	0.000000
37	tsk_37	(x)	1	:	0.236750	0.249273	0.000000	0.457921	0.054438	0.001618
38	tsk_38	(x)	1	:	0.172671	0.190048	0.000000	0.457157	0.177569	0.002555
39	tsk_39	(x)	1	:	0.028051	0.007474	0.493865	0.457885	0.011967	0.000759
40	tsk_40	(x)	1	:	0.172071	0.107294	0.000000	0.517415	0.203219	0.000001
41	tsk_41	(x)	1	:	0.000000	0.000000	0.000000	1.000000	0.000000	0.000000
42	tsk_42	(x)	1	:	0.000000	0.000000	0.000000	1.000000	0.000000	0.000000
43	tsk_43	(x)	1	:	0.000000	0.000000	0.000000	1.000000	0.000000	0.000000
44	tsk_44	(x)	1	:	0.000000	0.000000	0.000000	1.000000	0.000000	0.000000
45	tsk_45	(x)	1	:	0.154075	0.054506	0.000000	0.517417	0.274001	0.000001
46	tsk_46	(x)	1	:	0.183490	0.053251	0.000000	0.517414	0.245839	0.000005
47	tsk_47	(x)	1	:	0.304683	0.077677	0.000000	0.458216	0.158167	0.001257
48	tsk_48	(x)	1	:	0.547045	0.251653	0.000000	0.000000	0.201303	0.000000
49	tsk_49	(x)	1	:	0.046286	0.089888	0.000000	0.517413	0.346406	0.000007
