logL = -199.271868 (converged)
AIC = 794.543736
BIC = 1173.124291

count.K
20 15 0 15 

