logL = -147.716058 (converged)
AIC = 815.432115
BIC = 1312.558097

count.K
13 10 3 10 14 

