logL = -79.580346 (converged)
AIC = 743.160692
BIC = 1301.471409

count.K
13 14 3 17 2 1 

