logL = -190.595328 (converged)
AIC = 901.190657
BIC = 1398.316638

count.K
20 1 3 12 14 

