logL = -236.656540 (converged)
AIC = 617.313081
BIC = 754.978737

count.K
38 12 

