logL = -197.217974 (converged)
AIC = 1050.435949
BIC = 1677.579494

count.K
5 2 11 15 5 12 

