logL = -210.519652 (converged)
AIC = 801.039304
BIC = 1164.323675

count.K
13 2 13 22 

