logL = -229.280719 (converged)
AIC = 748.561437
BIC = 1025.804773

count.K
2 36 12 

