logL = -286.365919 (converged)
AIC = 838.731839
BIC = 1093.030898

count.K
7 22 21 

