logL = -190.318393 (converged)
AIC = 1096.636786
BIC = 1781.141022

count.K
7 1 4 1 23 14 

