logL = -48.404990 (converged)
AIC = 680.809980
BIC = 1239.120697

count.K
2 18 19 7 1 3 

