logL = -164.530258 (converged)
AIC = 741.060516
BIC = 1134.937256

count.K
24 10 2 14 

