logL = -282.293664 (converged)
AIC = 1154.587327
BIC = 1718.634114

count.K
6 10 8 16 10 

