logL = -187.651688 (converged)
AIC = 755.303376
BIC = 1118.587747

count.K
19 20 6 5 

