logL = -300.082489 (converged)
AIC = 896.164977
BIC = 1179.144382

count.K
22 4 24 

