logL = -164.320550 (converged)
AIC = 928.641100
BIC = 1502.248001

count.K
8 3 5 11 23 

