logL = -154.159536 (converged)
AIC = 688.319071
BIC = 1051.603442

count.K
3 2 23 22 

