logL = -110.235100 (converged)
AIC = 852.470200
BIC = 1456.669469

count.K
3 3 2 11 24 7 

