logL = -104.063716 (converged)
AIC = 738.127432
BIC = 1244.813528

count.K
6 10 4 27 3 

