logL = -112.216135 (converged)
AIC = 832.432271
BIC = 1413.687264

count.K
3 28 3 5 0 11 

