logL = -77.191891 (converged)
AIC = 644.383782
BIC = 1112.829418

count.K
10 9 22 3 6 

