logL = -75.355642 (converged)
AIC = 734.711285
BIC = 1293.022002

count.K
22 4 1 3 10 10 

