logL = -277.026772 (converged)
AIC = 974.053543
BIC = 1375.578374

count.K
16 19 11 4 

