logL = -314.166026 (converged)
AIC = 784.332052
BIC = 933.469847

count.K
19 31 

