0	tsk_0	(x)	1	:	0.000000	0.000000	0.000000	0.000000	1.000000	0.000000
1	tsk_1	(x)	1	:	0.000000	0.000000	0.000000	0.000000	1.000000	0.000000
2	tsk_2	(x)	1	:	0.371984	0.151042	0.000000	0.000000	0.444913	0.032061
3	tsk_3	(x)	1	:	0.000000	0.000000	0.000000	0.000000	1.000000	0.000000
4	tsk_4	(x)	1	:	0.112764	0.262924	0.000000	0.000000	0.444913	0.179399
5	tsk_5	(x)	1	:	0.000000	0.000000	0.000000	0.000000	1.000000	0.000000
6	tsk_6	(x)	1	:	0.000000	0.000000	0.000000	0.000000	1.000000	0.000000
7	tsk_7	(x)	1	:	0.000000	0.000000	0.000000	0.000000	1.000000	0.000000
8	tsk_8	(x)	1	:	0.323271	0.132945	0.000000	0.000000	0.444913	0.098872
9	tsk_9	(x)	1	:	0.452626	0.036873	0.000000	0.000000	0.444913	0.065589
10	tsk_10	(x)	1	:	0.000000	0.000000	0.001720	0.559227	0.439053	0.000000
11	tsk_11	(x)	1	:	0.000000	0.000000	0.000000	0.000000	1.000000	0.000000
12	tsk_12	(x)	1	:	0.370034	0.135579	0.000000	0.000000	0.444913	0.049475
13	tsk_13	(x)	1	:	0.000000	0.000000	0.000000	0.000000	1.000000	0.000000
14	tsk_14	(x)	1	:	0.000000	0.000000	0.000000	0.000000	1.000000	0.000000
15	tsk_15	(x)	1	:	0.000000	0.000000	0.000000	0.000000	1.000000	0.000000
16	tsk_16	(x)	1	:	0.000000	0.000000	0.000000	0.000000	1.000000	0.000000
17	tsk_17	(x)	1	:	0.000000	0.000000	0.000000	0.000000	1.000000	0.000000
18	tsk_18	(x)	1	:	0.000000	0.000000	0.000000	0.000000	1.000000	0.000000
19	tsk_19	(x)	1	:	0.000000	0.000000	0.000000	0.000000	1.000000	0.000000
20	tsk_20	(x)	1	:	0.329685	0.487949	0.000000	0.000000	0.000000	0.182366
21	tsk_21	(x)	1	:	0.399577	0.499027	0.000000	0.000000	0.000000	0.101396
22	tsk_22	(x)	1	:	0.288996	0.393612	0.000000	0.000000	0.000000	0.317392
23	tsk_23	(x)	1	:	0.540491	0.232685	0.000000	0.000000	0.000000	0.226824
24	tsk_24	(x)	1	:	0.000009	0.000263	0.000000	0.605726	0.000000	0.394001
25	tsk_25	(x)	1	:	0.384379	0.421160	0.000000	0.000000	0.000000	0.194460
26	tsk_26	(x)	1	:	0.424013	0.442067	0.000000	0.000000	0.000000	0.133920
27	tsk_27	(x)	1	:	0.589505	0.314022	0.000000	0.000000	0.000000	0.096473
28	tsk_28	(x)	1	:	0.000009	0.000443	0.000000	0.605726	0.000000	0.393821
29	tsk_29	(x)	1	:	0.576579	0.249434	0.000000	0.000000	0.000000	0.173988
30	tsk_30	(x)	1	:	0.422224	0.370342	0.000000	0.000000	0.000000	0.207434
31	tsk_31	(x)	1	:	0.000412	0.232428	0.000173	0.561886	0.000000	0.205100
32	tsk_32	(x)	1	:	0.626625	0.276364	0.000000	0.000000	0.000000	0.097012
33	tsk_33	(x)	1	:	0.542962	0.185963	0.000000	0.000000	0.000000	0.271076
34	tsk_34	(x)	1	:	0.337098	0.153050	0.000000	0.000000	0.444913	0.064939
35	tsk_35	(x)	1	:	0.208118	0.473727	0.000000	0.000000	0.000000	0.318155
36	tsk_36	(x)	1	:	0.007577	0.130193	0.000173	0.561886	0.000000	0.300171
37	tsk_37	(x)	1	:	0.285138	0.203784	0.000000	0.000000	0.444913	0.066165
38	tsk_38	(x)	1	:	0.469468	0.333201	0.000000	0.000000	0.000000	0.197331
39	tsk_39	(x)	1	:	0.000000	0.503440	0.000000	0.000000	0.000000	0.496560
40	tsk_40	(x)	1	:	0.278276	0.196733	0.000000	0.000000	0.444913	0.080078
41	tsk_41	(x)	1	:	0.000000	0.000000	0.000000	0.000000	1.000000	0.000000
42	tsk_42	(x)	1	:	0.000000	0.000000	0.000000	0.000000	1.000000	0.000000
43	tsk_43	(x)	1	:	0.006160	0.050087	0.500000	0.000000	0.000000	0.443753
44	tsk_44	(x)	1	:	0.395063	0.439584	0.000000	0.000000	0.000000	0.165352
45	tsk_45	(x)	1	:	0.199388	0.285373	0.000000	0.000000	0.444913	0.070326
46	tsk_46	(x)	1	:	0.000000	0.000000	1.000000	0.000000	0.000000	0.000000
47	tsk_47	(x)	1	:	0.005042	0.057685	0.500000	0.000000	0.000000	0.437273
48	tsk_48	(x)	1	:	0.003138	0.023602	0.500105	0.000000	0.445760	0.027395
49	tsk_49	(x)	1	:	0.001886	0.013918	0.500105	0.000000	0.445760	0.038331
