logL = -178.542830 (converged)
AIC = 827.085659
BIC = 1276.411065

count.K
16 10 3 9 12 

