logL = -267.038878 (converged)
AIC = 836.077756
BIC = 1124.793230

count.K
21 8 21 

