logL = -251.928898 (converged)
AIC = 651.857795
BIC = 793.347497

count.K
40 10 

