logL = -528.563835 (converged)
AIC = 1237.127671
BIC = 1409.209741

count.K
29 21 

