logL = -86.653413 (converged)
AIC = 529.306827
BIC = 869.646922

count.K
23 22 2 3 

