logL = -161.992215 (converged)
AIC = 1003.984431
BIC = 1654.072252

count.K
13 16 5 6 2 8 

