logL = -92.541442 (converged)
AIC = 695.082883
BIC = 1182.648750

count.K
5 4 24 7 10 

