logL = -212.285927 (converged)
AIC = 974.571854
BIC = 1500.378181

count.K
17 0 22 6 5 

