logL = -335.468431 (converged)
AIC = 966.936862
BIC = 1249.916267

count.K
15 5 30 

