logL = -38.228114 (converged)
AIC = 636.456229
BIC = 1171.822670

count.K
1 4 17 8 10 10 

