logL = -209.464312 (converged)
AIC = 830.928624
BIC = 1224.805363

count.K
4 10 22 14 

