logL = -118.653313 (converged)
AIC = 617.306625
BIC = 980.590996

count.K
6 2 8 34 

