0	tsk_0	(x)	1	:	0.000000	0.296629	0.000000	0.000000	0.489060	0.214312
1	tsk_1	(x)	1	:	0.000000	0.188470	0.000000	0.000000	0.000000	0.811530
2	tsk_2	(x)	1	:	0.000000	0.190074	0.000000	0.000000	0.000000	0.809926
3	tsk_3	(x)	1	:	0.000000	0.120824	0.000000	0.476567	0.000000	0.402609
4	tsk_4	(x)	1	:	0.000000	0.042443	0.000000	0.000000	0.000000	0.957557
5	tsk_5	(x)	1	:	0.000000	0.176005	0.000000	0.000000	0.489060	0.334935
6	tsk_6	(x)	1	:	0.000000	0.188423	0.000000	0.000000	0.000000	0.811577
7	tsk_7	(x)	1	:	0.000000	0.040954	0.000000	0.476567	0.000000	0.482479
8	tsk_8	(x)	1	:	0.000000	0.108999	0.000002	0.000000	0.000000	0.890999
9	tsk_9	(x)	1	:	0.486483	0.000000	0.000000	0.513517	0.000000	0.000000
10	tsk_10	(x)	1	:	0.499587	0.384069	0.000000	0.000589	0.000000	0.115754
11	tsk_11	(x)	1	:	0.499660	0.351294	0.000000	0.000485	0.000000	0.148560
12	tsk_12	(x)	1	:	0.000000	0.260184	0.000000	0.000000	0.000000	0.739816
13	tsk_13	(x)	1	:	0.499615	0.499835	0.000000	0.000550	0.000000	0.000000
14	tsk_14	(x)	1	:	0.499571	0.340962	0.000000	0.000613	0.000000	0.158854
15	tsk_15	(x)	1	:	0.000000	0.141169	0.000000	0.000000	0.000000	0.858831
16	tsk_16	(x)	1	:	0.000000	0.000000	0.000000	0.476567	0.000000	0.523433
17	tsk_17	(x)	1	:	0.486483	0.000000	0.000000	0.513517	0.000000	0.000000
18	tsk_18	(x)	1	:	0.000000	0.237536	0.000000	0.476567	0.000000	0.285897
19	tsk_19	(x)	1	:	0.000000	0.217229	0.000000	0.000000	0.000000	0.782771
20	tsk_20	(x)	1	:	0.499567	0.429376	0.000000	0.000618	0.000000	0.070439
21	tsk_21	(x)	1	:	1.000000	0.000000	0.000000	0.000000	0.000000	0.000000
22	tsk_22	(x)	1	:	1.000000	0.000000	0.000000	0.000000	0.000000	0.000000
23	tsk_23	(x)	1	:	0.000000	0.143827	0.000000	0.476567	0.000000	0.379606
24	tsk_24	(x)	1	:	1.000000	0.000000	0.000000	0.000000	0.000000	0.000000
25	tsk_25	(x)	1	:	1.000000	0.000000	0.000000	0.000000	0.000000	0.000000
26	tsk_26	(x)	1	:	0.499555	0.359295	0.000000	0.000636	0.000000	0.140514
27	tsk_27	(x)	1	:	1.000000	0.000000	0.000000	0.000000	0.000000	0.000000
28	tsk_28	(x)	1	:	0.499570	0.346271	0.000000	0.000614	0.000000	0.153545
29	tsk_29	(x)	1	:	0.499546	0.374233	0.000000	0.000648	0.000000	0.125573
30	tsk_30	(x)	1	:	0.000000	0.000000	0.000000	0.000000	1.000000	0.000000
31	tsk_31	(x)	1	:	0.000000	0.000000	0.000000	0.000000	1.000000	0.000000
32	tsk_32	(x)	1	:	0.000000	0.000000	0.000000	0.000000	1.000000	0.000000
33	tsk_33	(x)	1	:	0.000000	0.000000	0.000000	0.482814	0.517186	0.000000
34	tsk_34	(x)	1	:	0.000000	0.000000	0.000000	0.000000	1.000000	0.000000
35	tsk_35	(x)	1	:	0.000000	0.000000	0.000000	0.000000	1.000000	0.000000
36	tsk_36	(x)	1	:	0.000000	0.017978	0.405522	0.000000	0.489029	0.087472
37	tsk_37	(x)	1	:	0.000000	0.000000	0.000000	0.000000	1.000000	0.000000
38	tsk_38	(x)	1	:	0.000000	0.000000	0.000000	0.434635	0.565365	0.000000
39	tsk_39	(x)	1	:	0.000000	0.000000	0.000000	0.434635	0.565365	0.000000
40	tsk_40	(x)	1	:	0.000000	0.075653	0.000000	0.000000	0.000000	0.924347
41	tsk_41	(x)	1	:	0.000000	0.282592	0.000000	0.561271	0.000000	0.156137
42	tsk_42	(x)	1	:	0.000000	0.250445	0.000000	0.000000	0.000000	0.749555
43	tsk_43	(x)	1	:	0.000000	0.336827	0.000000	0.561271	0.000000	0.101902
44	tsk_44	(x)	1	:	0.000000	0.077700	0.000000	0.000000	0.000000	0.922300
45	tsk_45	(x)	1	:	0.000000	0.090390	0.000000	0.000000	0.000000	0.909610
46	tsk_46	(x)	1	:	0.000000	0.000000	0.999991	0.000000	0.000000	0.000008
47	tsk_47	(x)	1	:	0.000000	0.056674	0.306640	0.000000	0.489058	0.147628
48	tsk_48	(x)	1	:	0.000000	0.013641	0.412913	0.562389	0.000000	0.011057
49	tsk_49	(x)	1	:	0.000000	0.000000	0.538894	0.000000	0.461106	0.000000
