logL = -55.670061 (converged)
AIC = 561.340121
BIC = 991.545298

count.K
22 14 9 4 1 

