logL = -175.419159 (converged)
AIC = 494.838318
BIC = 632.503974

count.K
24 26 

