logL = -269.948518 (converged)
AIC = 1219.897036
BIC = 1869.984858

count.K
12 1 2 8 13 14 

