logL = -182.676736 (converged)
AIC = 509.353472
BIC = 647.019129

count.K
25 25 

