logL = -63.348159 (converged)
AIC = 722.696318
BIC = 1292.479173

count.K
15 21 0 11 3 0 

