logL = -204.423821 (converged)
AIC = 552.847641
BIC = 690.513298

count.K
24 26 

