0	tsk_0	(x)	1	:	0.000000	1.000000	0.000000	0.000000	0.000000
1	tsk_1	(x)	1	:	0.000000	0.000000	1.000000	0.000000	0.000000
2	tsk_2	(x)	1	:	0.486238	0.000000	0.000000	0.261185	0.252576
3	tsk_3	(x)	1	:	0.000000	0.000000	1.000000	0.000000	0.000000
4	tsk_4	(x)	1	:	0.000000	0.000000	1.000000	0.000000	0.000000
5	tsk_5	(x)	1	:	0.000000	0.000000	0.643185	0.114141	0.242674
6	tsk_6	(x)	1	:	0.000000	1.000000	0.000000	0.000000	0.000000
7	tsk_7	(x)	1	:	0.000000	0.000000	1.000000	0.000000	0.000000
8	tsk_8	(x)	1	:	0.000000	0.999999	0.000000	0.000000	0.000000
9	tsk_9	(x)	1	:	0.012095	0.975227	0.001342	0.011337	0.000000
10	tsk_10	(x)	1	:	0.658782	0.000000	0.000000	0.000000	0.341218
11	tsk_11	(x)	1	:	0.240288	0.000000	0.000000	0.258326	0.501387
12	tsk_12	(x)	1	:	0.319281	0.000000	0.000000	0.000000	0.680719
13	tsk_13	(x)	1	:	0.235532	0.000000	0.000000	0.764468	0.000000
14	tsk_14	(x)	1	:	0.000000	0.000000	0.000000	0.508286	0.491713
15	tsk_15	(x)	1	:	0.319827	0.000000	0.000000	0.345983	0.334190
16	tsk_16	(x)	1	:	0.000000	0.999999	0.000000	0.000000	0.000000
17	tsk_17	(x)	1	:	0.000000	0.000000	0.000000	0.508817	0.491183
18	tsk_18	(x)	1	:	1.000000	0.000000	0.000000	0.000000	0.000000
19	tsk_19	(x)	1	:	0.325251	0.000000	0.000000	0.000000	0.674749
20	tsk_20	(x)	1	:	0.487702	0.000000	0.000000	0.000000	0.512298
21	tsk_21	(x)	1	:	0.000000	1.000000	0.000000	0.000000	0.000000
22	tsk_22	(x)	1	:	0.315464	0.000000	0.000000	0.684536	0.000000
23	tsk_23	(x)	1	:	0.000000	0.000000	0.000000	0.339748	0.660252
24	tsk_24	(x)	1	:	0.320733	0.000000	0.000000	0.513598	0.165668
25	tsk_25	(x)	1	:	0.386302	0.000000	0.000000	0.413631	0.200067
26	tsk_26	(x)	1	:	0.320983	0.000000	0.000000	0.345214	0.333803
27	tsk_27	(x)	1	:	0.386302	0.000000	0.000000	0.413631	0.200067
28	tsk_28	(x)	1	:	0.000000	0.000000	0.000000	0.000000	1.000000
29	tsk_29	(x)	1	:	0.320243	0.000000	0.000000	0.345683	0.334074
30	tsk_30	(x)	1	:	0.477825	0.000000	0.000000	0.522175	0.000000
31	tsk_31	(x)	1	:	0.240288	0.000000	0.000000	0.258326	0.501387
32	tsk_32	(x)	1	:	0.237359	0.000000	0.000000	0.762641	0.000000
33	tsk_33	(x)	1	:	0.000000	0.000000	0.000000	0.508286	0.491713
34	tsk_34	(x)	1	:	0.239329	0.000000	0.000000	0.512694	0.247977
35	tsk_35	(x)	1	:	0.000000	0.000000	0.000000	0.508817	0.491183
36	tsk_36	(x)	1	:	0.322507	0.000000	0.000000	0.344313	0.333180
37	tsk_37	(x)	1	:	0.591920	0.000000	0.000000	0.000000	0.408080
38	tsk_38	(x)	1	:	0.000000	0.000006	0.311860	0.000000	0.688134
39	tsk_39	(x)	1	:	0.320705	0.000000	0.000000	0.345410	0.333886
40	tsk_40	(x)	1	:	0.000000	0.000000	0.000000	0.757421	0.242579
41	tsk_41	(x)	1	:	0.000000	1.000000	0.000000	0.000000	0.000000
42	tsk_42	(x)	1	:	0.736253	0.000000	0.000000	0.263747	0.000000
43	tsk_43	(x)	1	:	0.000000	1.000000	0.000000	0.000000	0.000000
44	tsk_44	(x)	1	:	0.000000	0.000000	0.000000	0.333607	0.666393
45	tsk_45	(x)	1	:	0.490247	0.000000	0.000000	0.000000	0.509753
46	tsk_46	(x)	1	:	0.316912	0.000000	0.000000	0.683088	0.000000
47	tsk_47	(x)	1	:	0.191868	0.000000	0.000000	0.410759	0.397373
48	tsk_48	(x)	1	:	0.000000	0.000000	0.000000	0.508286	0.491713
49	tsk_49	(x)	1	:	0.658387	0.000000	0.000000	0.000000	0.341613
