logL = -69.478342 (converged)
AIC = 258.956685
BIC = 373.678065

count.K
37 13 

