0	tsk_0	(x)	1	:	0.000000	1.000000	0.000000	0.000000	0.000000
1	tsk_1	(x)	1	:	0.000000	1.000000	0.000000	0.000000	0.000000
2	tsk_2	(x)	1	:	0.000000	0.668730	0.331270	0.000000	0.000000
3	tsk_3	(x)	1	:	0.000000	1.000000	0.000000	0.000000	0.000000
4	tsk_4	(x)	1	:	0.432987	0.490756	0.000000	0.000000	0.076257
5	tsk_5	(x)	1	:	0.420034	0.000000	0.000000	0.390592	0.189374
6	tsk_6	(x)	1	:	0.407786	0.490756	0.000000	0.000000	0.101458
7	tsk_7	(x)	1	:	0.437797	0.490756	0.000000	0.000000	0.071448
8	tsk_8	(x)	1	:	0.413021	0.490756	0.000000	0.000000	0.096223
9	tsk_9	(x)	1	:	0.895941	0.000000	0.000000	0.000000	0.104059
10	tsk_10	(x)	1	:	0.000000	0.438602	0.000001	0.561396	0.000000
11	tsk_11	(x)	1	:	0.920389	0.000000	0.000000	0.000000	0.079611
12	tsk_12	(x)	1	:	0.000000	0.496298	0.000000	0.503702	0.000000
13	tsk_13	(x)	1	:	0.000000	0.000000	0.000000	1.000000	0.000000
14	tsk_14	(x)	1	:	0.397375	0.490756	0.000000	0.000000	0.111869
15	tsk_15	(x)	1	:	0.010546	0.000000	0.000000	0.490025	0.499429
16	tsk_16	(x)	1	:	0.000000	1.000000	0.000000	0.000000	0.000000
17	tsk_17	(x)	1	:	0.928219	0.000000	0.000000	0.000000	0.071781
18	tsk_18	(x)	1	:	0.327942	0.168922	0.323251	0.000000	0.179886
19	tsk_19	(x)	1	:	0.083980	0.000000	0.000000	0.490025	0.425995
20	tsk_20	(x)	1	:	0.419951	0.490756	0.000000	0.000000	0.089293
21	tsk_21	(x)	1	:	0.418332	0.000136	0.489214	0.000000	0.092318
22	tsk_22	(x)	1	:	0.000000	1.000000	0.000000	0.000000	0.000000
23	tsk_23	(x)	1	:	0.459540	0.490756	0.000000	0.000000	0.049705
24	tsk_24	(x)	1	:	0.382798	0.490756	0.000000	0.000000	0.126446
25	tsk_25	(x)	1	:	0.000000	0.000000	1.000000	0.000000	0.000000
26	tsk_26	(x)	1	:	0.000000	0.520626	0.479374	0.000000	0.000000
27	tsk_27	(x)	1	:	0.000000	0.520622	0.479378	0.000000	0.000000
28	tsk_28	(x)	1	:	0.000000	0.000000	1.000000	0.000000	0.000000
29	tsk_29	(x)	1	:	0.000000	0.520616	0.479384	0.000000	0.000000
30	tsk_30	(x)	1	:	0.923974	0.000000	0.000000	0.000000	0.076026
31	tsk_31	(x)	1	:	0.876480	0.000000	0.000000	0.000000	0.123520
32	tsk_32	(x)	1	:	0.444796	0.490756	0.000000	0.000000	0.064448
33	tsk_33	(x)	1	:	0.864872	0.000000	0.000000	0.000000	0.135128
34	tsk_34	(x)	1	:	0.962061	0.000000	0.000000	0.000000	0.037939
35	tsk_35	(x)	1	:	0.000000	0.000000	0.000000	0.490025	0.509975
36	tsk_36	(x)	1	:	0.937517	0.000000	0.000000	0.000000	0.062483
37	tsk_37	(x)	1	:	0.932156	0.000000	0.000000	0.000000	0.067844
38	tsk_38	(x)	1	:	0.000000	0.000000	0.000000	1.000000	0.000000
39	tsk_39	(x)	1	:	0.847127	0.000000	0.000000	0.000000	0.152873
40	tsk_40	(x)	1	:	0.000000	1.000000	0.000000	0.000000	0.000000
41	tsk_41	(x)	1	:	0.000000	1.000000	0.000000	0.000000	0.000000
42	tsk_42	(x)	1	:	0.000000	1.000000	0.000000	0.000000	0.000000
43	tsk_43	(x)	1	:	0.000000	1.000000	0.000000	0.000000	0.000000
44	tsk_44	(x)	1	:	0.376908	0.436463	0.000000	0.164832	0.021797
45	tsk_45	(x)	1	:	0.356782	0.490756	0.000000	0.000000	0.152462
46	tsk_46	(x)	1	:	0.452842	0.490756	0.000000	0.000000	0.056402
47	tsk_47	(x)	1	:	0.892394	0.000000	0.000000	0.000000	0.107606
48	tsk_48	(x)	1	:	0.428447	0.490756	0.000000	0.000000	0.080797
49	tsk_49	(x)	1	:	0.000000	1.000000	0.000000	0.000000	0.000000
