logL = -154.373907 (converged)
AIC = 928.747814
BIC = 1521.474946

count.K
2 15 3 7 23 0 

