logL = -171.934905 (converged)
AIC = 487.869809
BIC = 625.535465

count.K
43 7 

