0	tsk_0	(x)	1	:	0.000000	0.000000	0.449330	0.550670
1	tsk_1	(x)	1	:	0.000000	0.000000	0.000000	1.000000
2	tsk_2	(x)	1	:	0.000000	0.460360	0.539640	0.000000
3	tsk_3	(x)	1	:	0.000000	0.013642	0.556526	0.429832
4	tsk_4	(x)	1	:	0.000000	1.000000	0.000000	0.000000
5	tsk_5	(x)	1	:	0.000000	1.000000	0.000000	0.000000
6	tsk_6	(x)	1	:	0.000000	0.585166	0.000000	0.414834
7	tsk_7	(x)	1	:	0.000000	0.016552	0.555030	0.428418
8	tsk_8	(x)	1	:	0.000000	0.585166	0.000000	0.414834
9	tsk_9	(x)	1	:	0.000000	0.000000	0.437543	0.562457
10	tsk_10	(x)	1	:	0.632015	0.367985	0.000000	0.000000
11	tsk_11	(x)	1	:	0.632015	0.367985	0.000000	0.000000
12	tsk_12	(x)	1	:	0.212957	0.249145	0.537899	0.000000
13	tsk_13	(x)	1	:	1.000000	0.000000	0.000000	0.000000
14	tsk_14	(x)	1	:	0.632015	0.367985	0.000000	0.000000
15	tsk_15	(x)	1	:	0.632015	0.367985	0.000000	0.000000
16	tsk_16	(x)	1	:	1.000000	0.000000	0.000000	0.000000
17	tsk_17	(x)	1	:	1.000000	0.000000	0.000000	0.000000
18	tsk_18	(x)	1	:	0.480139	0.519860	0.000000	0.000000
19	tsk_19	(x)	1	:	0.213903	0.786097	0.000000	0.000000
20	tsk_20	(x)	1	:	0.480139	0.519861	0.000000	0.000000
21	tsk_21	(x)	1	:	0.000000	0.460374	0.539626	0.000000
22	tsk_22	(x)	1	:	0.000000	0.000000	1.000000	0.000000
23	tsk_23	(x)	1	:	0.000000	0.000000	1.000000	0.000000
24	tsk_24	(x)	1	:	0.000000	0.000000	1.000000	0.000000
25	tsk_25	(x)	1	:	0.244906	0.755094	0.000000	0.000000
26	tsk_26	(x)	1	:	0.243465	0.218677	0.537858	0.000000
27	tsk_27	(x)	1	:	0.808147	0.191853	0.000000	0.000000
28	tsk_28	(x)	1	:	0.243466	0.218672	0.537862	0.000000
29	tsk_29	(x)	1	:	0.000000	0.000000	1.000000	0.000000
30	tsk_30	(x)	1	:	0.000000	0.645145	0.354855	0.000000
31	tsk_31	(x)	1	:	0.000000	0.699608	0.000000	0.300392
32	tsk_32	(x)	1	:	0.000000	0.645145	0.354855	0.000000
33	tsk_33	(x)	1	:	0.244905	0.755095	0.000000	0.000000
34	tsk_34	(x)	1	:	0.000000	1.000000	0.000000	0.000000
35	tsk_35	(x)	1	:	0.000000	0.460387	0.539613	0.000000
36	tsk_36	(x)	1	:	0.000000	0.699609	0.000000	0.300391
37	tsk_37	(x)	1	:	0.000000	1.000000	0.000000	0.000000
38	tsk_38	(x)	1	:	0.000000	0.699607	0.000000	0.300393
39	tsk_39	(x)	1	:	0.000000	0.460361	0.539639	0.000000
40	tsk_40	(x)	1	:	0.213261	0.425718	0.361021	0.000000
41	tsk_41	(x)	1	:	0.213182	0.373467	0.000000	0.413351
42	tsk_42	(x)	1	:	0.000000	0.721687	0.000000	0.278313
43	tsk_43	(x)	1	:	0.000000	0.000000	0.437543	0.562457
44	tsk_44	(x)	1	:	0.000000	0.535988	0.000000	0.464012
45	tsk_45	(x)	1	:	0.000000	0.585167	0.000000	0.414833
46	tsk_46	(x)	1	:	0.000000	0.721687	0.000000	0.278313
47	tsk_47	(x)	1	:	0.211783	0.161112	0.000000	0.627106
48	tsk_48	(x)	1	:	0.171627	0.828373	0.000000	0.000000
49	tsk_49	(x)	1	:	0.382476	0.617524	0.000000	0.000000
