logL = -146.916246 (converged)
AIC = 559.832491
BIC = 814.131551

count.K
7 28 15 

