0	tsk_0	(x)	1	:	0.595257	0.000000	0.000000	0.000000	0.404743
1	tsk_1	(x)	1	:	0.597687	0.000000	0.000000	0.000000	0.402313
2	tsk_2	(x)	1	:	0.000000	0.292919	0.000000	0.000000	0.707081
3	tsk_3	(x)	1	:	0.797448	0.000000	0.000000	0.000000	0.202552
4	tsk_4	(x)	1	:	0.494997	0.000000	0.000000	0.000000	0.505003
5	tsk_5	(x)	1	:	0.242685	0.000000	0.000000	0.000000	0.757315
6	tsk_6	(x)	1	:	0.152051	0.500132	0.000000	0.000000	0.347817
7	tsk_7	(x)	1	:	0.568202	0.000000	0.000000	0.000000	0.431798
8	tsk_8	(x)	1	:	0.243222	0.000000	0.000000	0.000000	0.756778
9	tsk_9	(x)	1	:	0.707137	0.000000	0.000000	0.000000	0.292863
10	tsk_10	(x)	1	:	0.327365	0.000000	0.000000	0.000000	0.672635
11	tsk_11	(x)	1	:	0.495689	0.000000	0.000000	0.000000	0.504311
12	tsk_12	(x)	1	:	0.490897	0.000000	0.000000	0.000000	0.509103
13	tsk_13	(x)	1	:	0.421978	0.000000	0.000000	0.000000	0.578022
14	tsk_14	(x)	1	:	0.329560	0.000000	0.000000	0.000000	0.670440
15	tsk_15	(x)	1	:	0.830493	0.000000	0.000000	0.000000	0.169507
16	tsk_16	(x)	1	:	0.495579	0.000000	0.000000	0.000000	0.504421
17	tsk_17	(x)	1	:	0.422316	0.000000	0.000000	0.000000	0.577684
18	tsk_18	(x)	1	:	0.423414	0.000000	0.000000	0.000000	0.576586
19	tsk_19	(x)	1	:	0.495481	0.000000	0.000000	0.000000	0.504519
20	tsk_20	(x)	1	:	0.000000	0.000000	1.000000	0.000000	0.000000
21	tsk_21	(x)	1	:	0.495875	0.000000	0.000000	0.000000	0.504125
22	tsk_22	(x)	1	:	0.494694	0.000000	0.000000	0.000000	0.505306
23	tsk_23	(x)	1	:	0.565807	0.000000	0.000000	0.000000	0.434193
24	tsk_24	(x)	1	:	0.000000	0.359125	0.000000	0.000000	0.640875
25	tsk_25	(x)	1	:	0.323382	0.000000	0.000000	0.000000	0.676618
26	tsk_26	(x)	1	:	0.000000	1.000000	0.000000	0.000000	0.000000
27	tsk_27	(x)	1	:	0.377357	0.359125	0.000000	0.000000	0.263518
28	tsk_28	(x)	1	:	0.000000	0.000000	1.000000	0.000000	0.000000
29	tsk_29	(x)	1	:	0.151472	0.000000	0.500000	0.000000	0.348528
30	tsk_30	(x)	1	:	0.233755	0.000000	0.500000	0.000000	0.266245
31	tsk_31	(x)	1	:	0.496658	0.000000	0.000000	0.000000	0.503342
32	tsk_32	(x)	1	:	0.166165	0.000000	0.500000	0.000000	0.333835
33	tsk_33	(x)	1	:	0.339500	0.000000	0.500000	0.000000	0.160500
34	tsk_34	(x)	1	:	0.550414	0.000000	0.000000	0.000000	0.449586
35	tsk_35	(x)	1	:	0.229717	0.000000	0.500000	0.000000	0.270283
36	tsk_36	(x)	1	:	0.193152	0.000000	0.000000	0.000000	0.806848
37	tsk_37	(x)	1	:	0.279839	0.000000	0.000000	0.000000	0.720161
38	tsk_38	(x)	1	:	0.299929	0.000000	0.500000	0.000000	0.200071
39	tsk_39	(x)	1	:	0.198370	0.000000	0.500000	0.000000	0.301630
40	tsk_40	(x)	1	:	0.494753	0.000000	0.000000	0.000000	0.505247
41	tsk_41	(x)	1	:	0.439560	0.000000	0.000000	0.000000	0.560440
42	tsk_42	(x)	1	:	0.278679	0.000000	0.000000	0.500000	0.221321
43	tsk_43	(x)	1	:	0.000000	0.000000	0.000000	1.000000	0.000000
44	tsk_44	(x)	1	:	0.490862	0.000000	0.000020	0.399991	0.109126
45	tsk_45	(x)	1	:	0.617428	0.000000	0.000000	0.000000	0.382572
46	tsk_46	(x)	1	:	0.662073	0.000000	0.000000	0.000000	0.337927
47	tsk_47	(x)	1	:	0.250640	0.000000	0.000000	0.500000	0.249360
48	tsk_48	(x)	1	:	0.397179	0.000000	0.000017	0.399992	0.202811
49	tsk_49	(x)	1	:	0.000000	0.000000	0.000000	1.000000	0.000000
