logL = -121.193267 (converged)
AIC = 630.386534
BIC = 1001.318997

count.K
13 8 11 18 

