logL = -27.412487 (converged)
AIC = 402.824973
BIC = 735.516976

count.K
4 9 3 34 

