logL = -411.631255 (converged)
AIC = 995.262510
BIC = 1159.696489

count.K
27 23 

