logL = -198.369375 (converged)
AIC = 1088.738750
BIC = 1750.298710

count.K
11 2 8 8 7 14 

