0	tsk_0	(x)	1	:	0.000000	0.499986	0.000000	0.241090	0.096134	0.162790
1	tsk_1	(x)	1	:	0.451173	0.000000	0.000000	0.365940	0.182887	0.000000
2	tsk_2	(x)	1	:	0.422409	0.000000	0.000000	0.000000	0.174236	0.403356
3	tsk_3	(x)	1	:	0.000000	0.000000	0.000000	0.373692	0.191561	0.434747
4	tsk_4	(x)	1	:	0.315798	0.000000	0.000000	0.245788	0.146665	0.291748
5	tsk_5	(x)	1	:	0.420850	0.000000	0.000000	0.173033	0.000000	0.406116
6	tsk_6	(x)	1	:	0.000000	0.000000	0.000000	0.467994	0.532006	0.000000
7	tsk_7	(x)	1	:	0.000000	0.499986	0.000000	0.297882	0.000000	0.202132
8	tsk_8	(x)	1	:	0.297369	0.000000	0.000000	0.000000	0.122013	0.580618
9	tsk_9	(x)	1	:	0.000000	1.000000	0.000000	0.000000	0.000000	0.000000
10	tsk_10	(x)	1	:	0.000000	0.000000	0.000000	0.633236	0.000000	0.366764
11	tsk_11	(x)	1	:	0.247294	0.000000	0.000000	0.411208	0.104255	0.237243
12	tsk_12	(x)	1	:	0.133722	0.000000	0.465096	0.401182	0.000000	0.000000
13	tsk_13	(x)	1	:	0.721941	0.000000	0.000000	0.278059	0.000000	0.000000
14	tsk_14	(x)	1	:	0.000000	0.000000	1.000000	0.000000	0.000000	0.000000
15	tsk_15	(x)	1	:	0.220300	0.000000	0.465096	0.000000	0.314604	0.000000
16	tsk_16	(x)	1	:	0.002725	0.000000	0.465096	0.008061	0.522642	0.001477
17	tsk_17	(x)	1	:	0.000000	0.000000	0.465096	0.153035	0.201374	0.180495
18	tsk_18	(x)	1	:	0.107686	0.000000	0.465096	0.185365	0.241854	0.000000
19	tsk_19	(x)	1	:	0.000000	0.000000	0.000000	0.257093	0.129099	0.613809
20	tsk_20	(x)	1	:	0.000000	0.000000	0.000000	0.646411	0.107466	0.246123
21	tsk_21	(x)	1	:	0.000000	0.000000	0.000000	0.646411	0.107466	0.246123
22	tsk_22	(x)	1	:	0.194444	0.000000	0.000000	0.159774	0.083347	0.562435
23	tsk_23	(x)	1	:	0.000000	0.000000	0.000000	0.261122	0.132035	0.606844
24	tsk_24	(x)	1	:	0.239257	0.000000	0.000000	0.196722	0.102734	0.461287
25	tsk_25	(x)	1	:	0.313329	0.000000	0.000000	0.256876	0.130153	0.299642
26	tsk_26	(x)	1	:	0.000000	0.000000	0.000000	0.257093	0.129099	0.613809
27	tsk_27	(x)	1	:	0.000000	0.000000	0.000000	0.000000	1.000000	0.000000
28	tsk_28	(x)	1	:	0.356443	0.000000	0.000000	0.000000	0.302109	0.341449
29	tsk_29	(x)	1	:	0.000000	0.000000	0.000000	0.547727	0.137890	0.314383
30	tsk_30	(x)	1	:	0.000000	0.000000	0.000000	0.000000	0.230128	0.769871
31	tsk_31	(x)	1	:	0.515762	0.000000	0.000000	0.000000	0.000000	0.484238
32	tsk_32	(x)	1	:	0.000000	0.000000	0.000000	1.000000	0.000000	0.000000
33	tsk_33	(x)	1	:	0.448160	0.000000	0.000000	0.366641	0.185199	0.000000
34	tsk_34	(x)	1	:	0.000000	0.000000	0.000000	0.000000	0.472067	0.527933
35	tsk_35	(x)	1	:	0.527976	0.000000	0.000000	0.217288	0.000000	0.254736
36	tsk_36	(x)	1	:	0.267353	0.000000	0.000000	0.220285	0.000000	0.512362
37	tsk_37	(x)	1	:	0.263602	0.000000	0.000000	0.000000	0.228069	0.508329
38	tsk_38	(x)	1	:	0.448864	0.000000	0.000000	0.369300	0.181837	0.000000
39	tsk_39	(x)	1	:	0.000000	0.000000	0.000000	0.551226	0.134967	0.313807
40	tsk_40	(x)	1	:	0.312567	0.000000	0.000000	0.257747	0.130298	0.299389
41	tsk_41	(x)	1	:	0.000000	0.000000	0.000000	0.308249	0.331333	0.360418
42	tsk_42	(x)	1	:	0.598635	0.000000	0.000000	0.000000	0.120478	0.280888
43	tsk_43	(x)	1	:	0.524119	0.000000	0.000000	0.000000	0.223912	0.251969
44	tsk_44	(x)	1	:	0.710236	0.000000	0.000000	0.289764	0.000000	0.000000
45	tsk_45	(x)	1	:	0.311846	0.000000	0.000000	0.256944	0.131775	0.299435
46	tsk_46	(x)	1	:	0.000000	0.000000	0.000000	0.412719	0.105956	0.481325
47	tsk_47	(x)	1	:	0.000000	0.000000	0.000000	0.374287	0.187439	0.438274
48	tsk_48	(x)	1	:	0.312218	0.000000	0.000000	0.256211	0.132110	0.299461
49	tsk_49	(x)	1	:	0.676692	0.000000	0.323308	0.000000	0.000000	0.000000
