logL = -228.267676 (converged)
AIC = 1208.535351
BIC = 1927.456001

count.K
7 12 0 18 3 10 

