logL = -195.339554 (converged)
AIC = 530.679109
BIC = 664.520719

count.K
23 27 

