logL = -157.012371 (converged)
AIC = 874.024742
BIC = 1409.391184

count.K
3 12 11 20 4 

