logL = -123.918058 (converged)
AIC = 879.836116
BIC = 1484.035385

count.K
22 8 1 5 10 4 

