logL = -353.784559 (converged)
AIC = 871.569118
BIC = 1028.355004

count.K
21 29 

