logL = -58.982791 (converged)
AIC = 481.965583
BIC = 829.953770

count.K
30 11 4 5 

