logL = -151.930361 (converged)
AIC = 691.860722
BIC = 1062.793185

count.K
15 16 8 11 

