logL = -120.574690 (converged)
AIC = 495.149379
BIC = 737.976301

count.K
28 18 4 

