logL = -241.077052 (converged)
AIC = 626.154104
BIC = 763.819760

count.K
12 38 

