logL = -91.119357 (converged)
AIC = 442.238713
BIC = 690.801704

count.K
5 35 10 

