logL = -117.211269 (converged)
AIC = 890.422539
BIC = 1517.566085

count.K
2 12 5 2 28 1 

