logL = -203.387086 (converged)
AIC = 714.774173
BIC = 1009.225716

count.K
7 27 16 

