logL = -75.355698 (converged)
AIC = 620.711396
BIC = 1070.036802

count.K
5 10 1 12 22 

