logL = -277.860238 (converged)
AIC = 719.720476
BIC = 876.506362

count.K
22 28 

