logL = -70.719213 (converged)
AIC = 641.438427
BIC = 1119.444178

count.K
0 37 3 5 5 

