logL = -255.732418 (converged)
AIC = 651.464835
BIC = 785.306446

count.K
15 35 

