logL = -117.207406 (converged)
AIC = 506.414811
BIC = 766.449940

count.K
16 32 2 

