logL = -237.929176 (converged)
AIC = 747.858352
BIC = 1007.893481

count.K
15 14 21 

