logL = -60.594267 (converged)
AIC = 717.188535
BIC = 1286.971391

count.K
2 8 2 2 32 4 

