logL = -229.435096 (converged)
AIC = 724.870191
BIC = 979.169251

count.K
14 7 29 

