logL = -292.836879 (converged)
AIC = 1061.673758
BIC = 1516.735234

count.K
14 1 8 27 

