logL = -58.983546 (converged)
AIC = 457.967091
BIC = 783.011002

count.K
11 14 5 20 

