logL = -100.422144 (converged)
AIC = 572.844288
BIC = 928.480567

count.K
25 20 3 2 

