logL = -211.606523 (converged)
AIC = 725.213046
BIC = 1013.928520

count.K
35 5 10 

