logL = -281.419650 (converged)
AIC = 714.839300
BIC = 860.153048

count.K
26 24 

