logL = -162.113234 (converged)
AIC = 712.226467
BIC = 1083.158930

count.K
11 17 4 18 

