logL = -191.816851 (converged)
AIC = 771.633702
BIC = 1142.566165

count.K
14 2 8 26 

