logL = -253.339278 (converged)
AIC = 666.678556
BIC = 819.640396

count.K
45 5 

