logL = -471.623072 (converged)
AIC = 1143.246144
BIC = 1334.448445

count.K
20 30 

