logL = -249.313427 (converged)
AIC = 1038.626854
BIC = 1554.873065

count.K
19 2 9 5 15 

