logL = -81.038532 (converged)
AIC = 662.077064
BIC = 1140.082816

count.K
2 38 5 3 2 

