logL = -530.429209 (converged)
AIC = 1224.858417
BIC = 1381.644304

count.K
34 16 

