logL = -211.931129 (converged)
AIC = 575.862258
BIC = 721.176006

count.K
39 11 

