logL = -141.043244 (converged)
AIC = 802.086488
BIC = 1299.212470

count.K
1 2 6 24 17 

