logL = -175.292839 (converged)
AIC = 860.585678
BIC = 1348.151544

count.K
7 10 1 5 27 

