logL = -288.008572 (converged)
AIC = 1004.017145
BIC = 1413.190068

count.K
14 6 9 21 

