logL = -175.181238 (converged)
AIC = 1018.362476
BIC = 1656.978160

count.K
11 4 11 8 5 11 

