logL = -317.966964 (converged)
AIC = 803.933928
BIC = 964.543860

count.K
33 17 

