0	tsk_0	(x)	1	:	0.000000	0.000000	0.000000	0.000000	0.000000	0.999999
1	tsk_1	(x)	1	:	0.000000	0.000000	0.000000	0.000000	0.186086	0.813914
2	tsk_2	(x)	1	:	0.000000	0.000000	0.000000	0.000000	0.000000	1.000000
3	tsk_3	(x)	1	:	0.004322	0.000000	0.000000	0.489449	0.000000	0.506229
4	tsk_4	(x)	1	:	0.000000	0.000001	0.000000	0.000000	0.000000	0.999999
5	tsk_5	(x)	1	:	0.000001	0.000000	0.000000	0.000000	0.000000	0.999999
6	tsk_6	(x)	1	:	0.000000	0.000000	0.000000	0.000000	0.000000	1.000000
7	tsk_7	(x)	1	:	0.000000	0.000000	0.000000	0.000000	0.000000	1.000000
8	tsk_8	(x)	1	:	0.000000	0.000000	0.000000	0.000000	0.000000	1.000000
9	tsk_9	(x)	1	:	0.005415	0.000000	0.000000	0.488903	0.000000	0.505682
10	tsk_10	(x)	1	:	0.516729	0.000000	0.000000	0.483271	0.000000	0.000000
11	tsk_11	(x)	1	:	0.000000	0.000000	0.000042	0.000000	0.436124	0.563834
12	tsk_12	(x)	1	:	0.000045	0.000000	0.999955	0.000000	0.000000	0.000000
13	tsk_13	(x)	1	:	0.004465	0.000000	0.000000	0.489378	0.000000	0.506157
14	tsk_14	(x)	1	:	0.500366	0.000000	0.000000	0.000000	0.000000	0.499634
15	tsk_15	(x)	1	:	0.000000	0.000000	0.613617	0.386383	0.000000	0.000000
16	tsk_16	(x)	1	:	0.000000	0.000000	0.000000	0.556053	0.443947	0.000000
17	tsk_17	(x)	1	:	0.008246	0.000000	0.000000	0.487489	0.000000	0.504265
18	tsk_18	(x)	1	:	0.000049	0.000000	0.999951	0.000000	0.000000	0.000000
19	tsk_19	(x)	1	:	0.000027	0.000000	0.999973	0.000000	0.000000	0.000000
20	tsk_20	(x)	1	:	0.516706	0.000000	0.000000	0.483294	0.000000	0.000000
21	tsk_21	(x)	1	:	1.000000	0.000000	0.000000	0.000000	0.000000	0.000000
22	tsk_22	(x)	1	:	0.999639	0.000000	0.000361	0.000000	0.000000	0.000000
23	tsk_23	(x)	1	:	1.000000	0.000000	0.000000	0.000000	0.000000	0.000000
24	tsk_24	(x)	1	:	0.000000	0.000000	0.000000	1.000000	0.000000	0.000000
25	tsk_25	(x)	1	:	0.429841	0.570159	0.000000	0.000000	0.000000	0.000000
26	tsk_26	(x)	1	:	1.000000	0.000000	0.000000	0.000000	0.000000	0.000000
27	tsk_27	(x)	1	:	1.000000	0.000000	0.000000	0.000000	0.000000	0.000000
28	tsk_28	(x)	1	:	0.516715	0.000000	0.000000	0.483285	0.000000	0.000000
29	tsk_29	(x)	1	:	1.000000	0.000000	0.000000	0.000000	0.000000	0.000000
30	tsk_30	(x)	1	:	0.006659	0.000000	0.000000	0.488281	0.000000	0.505059
31	tsk_31	(x)	1	:	0.000000	0.372897	0.000000	0.000000	0.000000	0.627102
32	tsk_32	(x)	1	:	0.000000	0.617305	0.000000	0.000000	0.000000	0.382695
33	tsk_33	(x)	1	:	0.000000	0.617303	0.000000	0.000000	0.000000	0.382697
34	tsk_34	(x)	1	:	0.000000	0.999996	0.000000	0.000000	0.000000	0.000004
35	tsk_35	(x)	1	:	0.516725	0.000000	0.000000	0.483275	0.000000	0.000000
36	tsk_36	(x)	1	:	0.516706	0.000000	0.000000	0.483294	0.000000	0.000000
37	tsk_37	(x)	1	:	0.000000	1.000000	0.000000	0.000000	0.000000	0.000000
38	tsk_38	(x)	1	:	0.000000	0.000000	0.000000	1.000000	0.000000	0.000000
39	tsk_39	(x)	1	:	0.008035	0.000000	0.000000	0.487594	0.000000	0.504370
40	tsk_40	(x)	1	:	0.000000	0.000000	0.000000	1.000000	0.000000	0.000000
41	tsk_41	(x)	1	:	0.000000	0.000000	0.000000	1.000000	0.000000	0.000000
42	tsk_42	(x)	1	:	0.000000	0.000000	0.000000	1.000000	0.000000	0.000000
43	tsk_43	(x)	1	:	0.516679	0.000000	0.000000	0.483321	0.000000	0.000000
44	tsk_44	(x)	1	:	0.500408	0.000000	0.000000	0.000000	0.000000	0.499592
45	tsk_45	(x)	1	:	0.000055	0.000000	0.000000	0.999945	0.000000	0.000000
46	tsk_46	(x)	1	:	0.007906	0.000000	0.000000	0.487659	0.000000	0.504435
47	tsk_47	(x)	1	:	0.000000	0.000000	0.000000	1.000000	0.000000	0.000000
48	tsk_48	(x)	1	:	0.000000	0.000000	0.000000	1.000000	0.000000	0.000000
49	tsk_49	(x)	1	:	1.000000	0.000000	0.000000	0.000000	0.000000	0.000000
