logL = -81.459969 (converged)
AIC = 298.919939
BIC = 428.937503

count.K
47 3 

