logL = -187.381024 (converged)
AIC = 794.762048
BIC = 1196.286879

count.K
12 8 6 24 

