logL = -172.131295 (converged)
AIC = 496.262589
BIC = 641.576338

count.K
44 6 

