logL = -84.887195 (converged)
AIC = 753.774390
BIC = 1312.085107

count.K
6 14 9 6 12 3 

