logL = -204.778567 (converged)
AIC = 959.557135
BIC = 1485.363461

count.K
8 27 1 5 9 

