logL = -165.243820 (converged)
AIC = 986.487641
BIC = 1613.631187

count.K
23 4 2 10 7 4 

