logL = -110.076316 (converged)
AIC = 816.152632
BIC = 1385.935487

count.K
11 11 0 0 10 18 

