logL = -114.569206 (converged)
AIC = 569.138413
BIC = 894.182324

count.K
11 29 8 2 

