logL = -81.840786 (converged)
AIC = 551.681572
BIC = 922.614035

count.K
3 28 18 1 

