logL = -190.195992 (converged)
AIC = 658.391984
BIC = 924.163182

count.K
8 29 13 

