logL = -126.473585 (converged)
AIC = 792.947171
BIC = 1309.193382

count.K
1 23 7 17 2 

