logL = -68.932437 (converged)
AIC = 257.864874
BIC = 372.586254

count.K
22 28 

