logL = -142.203707 (converged)
AIC = 672.407415
BIC = 1043.339878

count.K
22 10 5 13 

