logL = -166.994301 (converged)
AIC = 977.988601
BIC = 1593.660009

count.K
8 21 7 8 5 1 

