logL = -46.896334 (converged)
AIC = 677.792668
BIC = 1236.103385

count.K
1 2 17 20 3 7 

