logL = -132.684168 (converged)
AIC = 507.368336
BIC = 738.723120

count.K
13 15 22 

