logL = -173.712437 (converged)
AIC = 601.424875
BIC = 844.251796

count.K
16 19 15 

