logL = -107.451333 (converged)
AIC = 870.902666
BIC = 1498.046212

count.K
29 4 2 1 1 13 

