logL = -286.690684 (converged)
AIC = 985.381369
BIC = 1379.258108

count.K
17 2 19 12 

