0	tsk_0	(x)	1	:	0.000787	0.335811	0.000014	0.193062	0.000032	0.470293
1	tsk_1	(x)	1	:	0.000001	0.495366	0.000000	0.504633	0.000000	0.000000
2	tsk_2	(x)	1	:	0.000703	0.181662	0.000030	0.347273	0.000018	0.470314
3	tsk_3	(x)	1	:	0.000997	0.283491	0.000015	0.245220	0.000000	0.470277
4	tsk_4	(x)	1	:	0.000002	0.319121	0.000000	0.143533	0.000000	0.537343
5	tsk_5	(x)	1	:	0.000072	0.082401	0.399051	0.383445	0.000012	0.135020
6	tsk_6	(x)	1	:	0.000000	0.000000	0.460250	0.000000	0.000000	0.539750
7	tsk_7	(x)	1	:	0.000004	0.380835	0.000000	0.081818	0.000000	0.537342
8	tsk_8	(x)	1	:	0.000993	0.000000	0.000008	0.528717	0.000025	0.470257
9	tsk_9	(x)	1	:	0.000006	0.338000	0.000000	0.124652	0.000001	0.537341
10	tsk_10	(x)	1	:	0.000000	0.000000	0.999949	0.000000	0.000010	0.000042
11	tsk_11	(x)	1	:	0.000000	0.000000	0.999996	0.000000	0.000000	0.000004
12	tsk_12	(x)	1	:	0.000000	0.000000	0.999992	0.000000	0.000000	0.000008
13	tsk_13	(x)	1	:	0.090912	0.420778	0.193717	0.150285	0.000029	0.144279
14	tsk_14	(x)	1	:	0.000000	0.000000	0.999944	0.000000	0.000010	0.000046
15	tsk_15	(x)	1	:	0.076447	0.000004	0.923415	0.000001	0.000131	0.000003
16	tsk_16	(x)	1	:	0.000000	0.000000	0.999943	0.000000	0.000009	0.000047
17	tsk_17	(x)	1	:	0.000000	0.000000	0.999940	0.000000	0.000003	0.000057
18	tsk_18	(x)	1	:	0.000000	0.000000	0.999928	0.000000	0.000003	0.000069
19	tsk_19	(x)	1	:	0.000000	0.000000	0.999938	0.000000	0.000007	0.000056
20	tsk_20	(x)	1	:	0.000000	0.000000	0.000000	0.000000	1.000000	0.000000
21	tsk_21	(x)	1	:	0.000000	0.000000	0.000000	0.000000	1.000000	0.000000
22	tsk_22	(x)	1	:	0.000001	0.425225	0.000000	0.574774	0.000000	0.000000
23	tsk_23	(x)	1	:	0.000032	0.321372	0.000000	0.186637	0.491944	0.000016
24	tsk_24	(x)	1	:	0.000049	0.168177	0.000001	0.339818	0.491946	0.000009
25	tsk_25	(x)	1	:	0.000001	0.161147	0.000000	0.838852	0.000000	0.000000
26	tsk_26	(x)	1	:	0.000046	0.108877	0.000000	0.399120	0.491942	0.000015
27	tsk_27	(x)	1	:	0.000001	0.498082	0.000000	0.501917	0.000000	0.000000
28	tsk_28	(x)	1	:	0.000001	0.373189	0.000000	0.626810	0.000000	0.000000
29	tsk_29	(x)	1	:	0.000002	0.377204	0.000000	0.622794	0.000000	0.000000
30	tsk_30	(x)	1	:	0.000002	0.168943	0.000000	0.831055	0.000000	0.000000
31	tsk_31	(x)	1	:	0.000002	0.372940	0.000000	0.627058	0.000000	0.000000
32	tsk_32	(x)	1	:	0.000001	0.423234	0.000000	0.576765	0.000000	0.000000
33	tsk_33	(x)	1	:	0.000000	0.142628	0.000000	0.857372	0.000000	0.000000
34	tsk_34	(x)	1	:	0.000001	0.411458	0.000000	0.588541	0.000000	0.000000
35	tsk_35	(x)	1	:	0.000003	0.280828	0.000000	0.719169	0.000000	0.000000
36	tsk_36	(x)	1	:	0.000001	0.071727	0.000000	0.928272	0.000000	0.000000
37	tsk_37	(x)	1	:	0.000032	0.212608	0.607953	0.179398	0.000000	0.000009
38	tsk_38	(x)	1	:	0.000001	0.638372	0.000000	0.361628	0.000000	0.000000
39	tsk_39	(x)	1	:	0.000001	0.188773	0.000000	0.811226	0.000000	0.000000
40	tsk_40	(x)	1	:	0.511827	0.000048	0.000007	0.000027	0.000022	0.488068
41	tsk_41	(x)	1	:	0.433588	0.000004	0.000000	0.000003	0.000000	0.566406
42	tsk_42	(x)	1	:	0.000000	0.234542	0.000005	0.294932	0.000038	0.470483
43	tsk_43	(x)	1	:	0.000000	0.000000	0.000000	0.000000	0.000017	0.999983
44	tsk_44	(x)	1	:	0.999998	0.000000	0.000000	0.000002	0.000000	0.000000
45	tsk_45	(x)	1	:	0.511828	0.000061	0.000002	0.000015	0.000031	0.488062
46	tsk_46	(x)	1	:	0.000000	0.000000	0.000000	0.000000	0.000000	1.000000
47	tsk_47	(x)	1	:	0.000679	0.219031	0.000004	0.309924	0.000015	0.470346
48	tsk_48	(x)	1	:	0.591807	0.000000	0.000033	0.000000	0.000044	0.408117
49	tsk_49	(x)	1	:	0.511857	0.000040	0.000011	0.000008	0.000016	0.488067
