logL = -57.951295 (converged)
AIC = 675.902589
BIC = 1211.269031

count.K
14 3 10 3 8 12 

