logL = -168.211594 (converged)
AIC = 602.423187
BIC = 856.722247

count.K
17 20 13 

