logL = -124.836697 (converged)
AIC = 669.673395
BIC = 1071.198226

count.K
25 7 5 13 

