logL = -137.962936 (converged)
AIC = 655.925872
BIC = 1019.210243

count.K
2 25 20 3 

