logL = -15.662375 (converged)
AIC = 355.324751
BIC = 665.072478

count.K
7 3 7 33 

