logL = -300.684948 (converged)
AIC = 1037.369897
BIC = 1454.190912

count.K
11 19 13 7 

