logL = -655.640481 (converged)
AIC = 1495.280961
BIC = 1671.187078

count.K
26 24 

