logL = -86.620267 (converged)
AIC = 297.240535
BIC = 415.785961

count.K
22 28 

