logL = -288.790082 (converged)
AIC = 1029.580164
BIC = 1461.697363

count.K
17 15 9 9 

