logL = -221.707816 (converged)
AIC = 863.415631
BIC = 1264.940462

count.K
4 16 8 22 

