logL = -163.021552 (converged)
AIC = 934.043104
BIC = 1515.298098

count.K
5 7 19 5 0 14 

