logL = -136.072560 (converged)
AIC = 812.145119
BIC = 1328.391331

count.K
5 14 13 0 18 

