logL = -121.260385 (converged)
AIC = 496.520771
BIC = 739.347693

count.K
19 15 16 

