logL = -111.265409 (converged)
AIC = 602.530818
BIC = 965.815189

count.K
7 13 28 2 

