logL = -140.750134 (converged)
AIC = 559.500269
BIC = 825.271467

count.K
3 19 28 

