logL = -791.395466 (converged)
AIC = 1838.790932
BIC = 2083.529877

count.K
8 42 

