logL = -326.012574 (converged)
AIC = 948.025149
BIC = 1231.004553

count.K
32 8 10 

