logL = -158.185110 (converged)
AIC = 728.370221
BIC = 1122.246960

count.K
7 5 9 29 

