logL = -168.888315 (converged)
AIC = 597.776630
BIC = 846.339621

count.K
25 7 18 

