logL = -150.232814 (converged)
AIC = 956.465628
BIC = 1583.609174

count.K
15 6 7 2 10 10 

