logL = -115.057551 (converged)
AIC = 460.115103
BIC = 679.997748

count.K
10 25 15 

