logL = -119.781867 (converged)
AIC = 809.563733
BIC = 1354.490290

count.K
10 11 5 17 7 

