logL = -88.663650 (converged)
AIC = 533.327300
BIC = 873.667395

count.K
3 17 17 13 

