logL = -200.083071 (converged)
AIC = 1020.166142
BIC = 1612.893273

count.K
5 5 18 9 5 8 

