logL = -92.482846 (converged)
AIC = 674.965691
BIC = 1143.411327

count.K
2 14 16 4 14 

