logL = -105.272823 (converged)
AIC = 464.545647
BIC = 707.372569

count.K
22 15 13 

