logL = -160.083191 (converged)
AIC = 840.166382
BIC = 1337.292364

count.K
17 17 1 3 12 

