logL = -129.788988 (converged)
AIC = 531.577977
BIC = 791.613105

count.K
39 7 4 

