logL = -160.692850 (converged)
AIC = 725.385701
BIC = 1111.614348

count.K
11 21 6 12 

