logL = -66.820927 (converged)
AIC = 717.641854
BIC = 1275.952572

count.K
15 4 2 11 14 4 

