logL = -90.582548 (converged)
AIC = 801.165096
BIC = 1393.892228

count.K
9 1 11 1 11 17 

