logL = -325.323655 (converged)
AIC = 1102.647311
BIC = 1534.764510

count.K
15 11 9 15 

