logL = -62.793074 (converged)
AIC = 379.586148
BIC = 622.413070

count.K
8 35 7 

