logL = -119.782236 (converged)
AIC = 943.564473
BIC = 1616.596571

count.K
10 8 2 11 2 17 

