logL = -119.982555 (converged)
AIC = 367.965110
BIC = 490.334582

count.K
18 32 

