0	tsk_0	(x)	1	:	0.137353	0.491706	0.000000	0.000000	0.101012	0.269929
1	tsk_1	(x)	1	:	0.000000	1.000000	0.000000	0.000000	0.000000	0.000000
2	tsk_2	(x)	1	:	0.057234	0.491597	0.000000	0.000000	0.102342	0.348828
3	tsk_3	(x)	1	:	0.140915	0.000000	0.000000	0.000000	0.000000	0.859085
4	tsk_4	(x)	1	:	0.651625	0.000000	0.000000	0.000000	0.000000	0.348375
5	tsk_5	(x)	1	:	0.348069	0.000000	0.000000	0.000000	0.000000	0.651931
6	tsk_6	(x)	1	:	0.000000	1.000000	0.000000	0.000000	0.000000	0.000000
7	tsk_7	(x)	1	:	0.038344	0.000000	0.000000	0.000000	0.000000	0.961656
8	tsk_8	(x)	1	:	0.098038	0.491612	0.000000	0.000000	0.102153	0.308197
9	tsk_9	(x)	1	:	0.000000	0.500087	0.000000	0.499913	0.000000	0.000000
10	tsk_10	(x)	1	:	0.078369	0.000000	0.000000	0.000000	0.000000	0.921631
11	tsk_11	(x)	1	:	0.201167	0.489970	0.000000	0.000000	0.122264	0.186599
12	tsk_12	(x)	1	:	0.225311	0.000000	0.000000	0.000000	0.000000	0.774689
13	tsk_13	(x)	1	:	0.103317	0.000000	0.000000	0.000000	0.000000	0.896683
14	tsk_14	(x)	1	:	0.244464	0.489726	0.000000	0.000000	0.125255	0.140555
15	tsk_15	(x)	1	:	0.000000	0.644529	0.000000	0.355471	0.000000	0.000000
16	tsk_16	(x)	1	:	0.616265	0.000000	0.000000	0.000000	0.000000	0.383735
17	tsk_17	(x)	1	:	0.501087	0.000000	0.000000	0.000000	0.000000	0.498913
18	tsk_18	(x)	1	:	0.227283	0.000000	0.000000	0.000000	0.000000	0.772717
19	tsk_19	(x)	1	:	0.000000	1.000000	0.000000	0.000000	0.000000	0.000000
20	tsk_20	(x)	1	:	0.138489	0.492548	0.000000	0.000000	0.090714	0.278249
21	tsk_21	(x)	1	:	0.059866	0.000000	0.483757	0.000000	0.145038	0.311339
22	tsk_22	(x)	1	:	0.000000	0.000872	0.490803	0.508324	0.000000	0.000000
23	tsk_23	(x)	1	:	0.280703	0.000000	0.000000	0.000000	0.000000	0.719297
24	tsk_24	(x)	1	:	0.000000	0.001241	0.490723	0.508036	0.000000	0.000000
25	tsk_25	(x)	1	:	0.383354	0.021081	0.000000	0.482165	0.007991	0.105409
26	tsk_26	(x)	1	:	0.000000	0.000000	1.000000	0.000000	0.000000	0.000000
27	tsk_27	(x)	1	:	0.142830	0.000000	0.486348	0.000000	0.105282	0.265541
28	tsk_28	(x)	1	:	0.000000	0.000000	0.490994	0.509006	0.000000	0.000000
29	tsk_29	(x)	1	:	0.000000	0.576070	0.423930	0.000000	0.000000	0.000000
30	tsk_30	(x)	1	:	0.000000	1.000000	0.000000	0.000000	0.000000	0.000000
31	tsk_31	(x)	1	:	0.206000	0.000000	0.000000	0.000000	0.000000	0.794000
32	tsk_32	(x)	1	:	0.000000	1.000000	0.000000	0.000000	0.000000	0.000000
33	tsk_33	(x)	1	:	0.136552	0.491046	0.000000	0.000000	0.109088	0.263314
34	tsk_34	(x)	1	:	0.073610	0.495519	0.000000	0.000000	0.054458	0.376413
35	tsk_35	(x)	1	:	0.462747	0.000000	0.000000	0.000000	0.000007	0.537246
36	tsk_36	(x)	1	:	0.000000	1.000000	0.000000	0.000000	0.000000	0.000000
37	tsk_37	(x)	1	:	0.069445	0.490423	0.000000	0.000000	0.116715	0.323417
38	tsk_38	(x)	1	:	0.094977	0.494660	0.000000	0.000000	0.064933	0.345431
39	tsk_39	(x)	1	:	0.272428	0.000000	0.000000	0.000000	0.000000	0.727572
40	tsk_40	(x)	1	:	0.000000	1.000000	0.000000	0.000000	0.000000	0.000000
41	tsk_41	(x)	1	:	0.000000	1.000000	0.000000	0.000000	0.000000	0.000000
42	tsk_42	(x)	1	:	0.120675	0.488139	0.000000	0.000000	0.144739	0.246447
43	tsk_43	(x)	1	:	0.000000	1.000000	0.000000	0.000000	0.000000	0.000000
44	tsk_44	(x)	1	:	0.000000	1.000000	0.000000	0.000000	0.000000	0.000000
45	tsk_45	(x)	1	:	0.000000	1.000000	0.000000	0.000000	0.000000	0.000000
46	tsk_46	(x)	1	:	0.000000	1.000000	0.000000	0.000000	0.000000	0.000000
47	tsk_47	(x)	1	:	0.000000	1.000000	0.000000	0.000000	0.000000	0.000000
48	tsk_48	(x)	1	:	0.000000	1.000000	0.000000	0.000000	0.000000	0.000000
49	tsk_49	(x)	1	:	0.000000	1.000000	0.000000	0.000000	0.000000	0.000000
