logL = -108.641762 (converged)
AIC = 687.283524
BIC = 1136.608930

count.K
10 6 18 4 12 

