logL = -127.833200 (converged)
AIC = 635.666399
BIC = 998.950770

count.K
8 10 17 15 

