logL = -130.494303 (converged)
AIC = 648.988605
BIC = 1019.921068

count.K
16 23 3 8 

