logL = -126.440469 (converged)
AIC = 648.880938
BIC = 1027.461493

count.K
1 27 9 13 

