logL = -246.268655 (converged)
AIC = 788.537309
BIC = 1071.516714

count.K
12 25 13 

