logL = -209.988267 (converged)
AIC = 691.976534
BIC = 952.011663

count.K
15 20 15 

