logL = -273.841352 (converged)
AIC = 959.682704
BIC = 1353.559443

count.K
15 5 15 15 

