0	tsk_0	(x)	1	:	0.000000	0.701790	0.202326	0.000000	0.000000	0.095884
1	tsk_1	(x)	1	:	0.444283	0.000000	0.000000	0.000000	0.555717	0.000000
2	tsk_2	(x)	1	:	0.000000	0.646812	0.000000	0.000000	0.000000	0.353188
3	tsk_3	(x)	1	:	0.000000	0.168263	0.165375	0.500000	0.000000	0.166362
4	tsk_4	(x)	1	:	0.499703	0.134084	0.000000	0.000000	0.366213	0.000000
5	tsk_5	(x)	1	:	0.000000	0.214981	0.785019	0.000000	0.000000	0.000000
6	tsk_6	(x)	1	:	0.499713	0.042080	0.071199	0.000000	0.366221	0.020787
7	tsk_7	(x)	1	:	0.499713	0.000000	0.069730	0.000000	0.366221	0.064335
8	tsk_8	(x)	1	:	0.000000	0.000000	0.000000	1.000000	0.000000	0.000000
9	tsk_9	(x)	1	:	0.000000	0.166667	0.166667	0.500000	0.000000	0.166667
10	tsk_10	(x)	1	:	0.000000	0.000000	0.206749	0.000000	0.000000	0.793251
11	tsk_11	(x)	1	:	0.000000	0.440055	0.380189	0.000000	0.000000	0.179757
12	tsk_12	(x)	1	:	0.000000	0.192555	0.333096	0.000000	0.000000	0.474349
13	tsk_13	(x)	1	:	0.000000	0.489560	0.211027	0.000000	0.000000	0.299413
14	tsk_14	(x)	1	:	0.000000	0.226307	0.587881	0.000000	0.000000	0.185812
15	tsk_15	(x)	1	:	0.000000	0.000000	0.344069	0.000000	0.000000	0.655931
16	tsk_16	(x)	1	:	0.000000	0.225983	0.588523	0.000000	0.000000	0.185493
17	tsk_17	(x)	1	:	0.000000	0.118899	0.311899	0.000000	0.276648	0.292554
18	tsk_18	(x)	1	:	0.000000	0.192642	0.493112	0.000000	0.000000	0.314246
19	tsk_19	(x)	1	:	0.000000	0.000000	0.584296	0.000000	0.000000	0.415704
20	tsk_20	(x)	1	:	0.000000	0.544765	0.156724	0.000000	0.000000	0.298511
21	tsk_21	(x)	1	:	0.000000	0.368690	0.631310	0.000000	0.000000	0.000000
22	tsk_22	(x)	1	:	0.000000	0.229055	0.394729	0.000000	0.000000	0.376216
23	tsk_23	(x)	1	:	0.000000	0.489973	0.210666	0.000000	0.000000	0.299361
24	tsk_24	(x)	1	:	0.000000	0.192208	0.493751	0.000000	0.000000	0.314041
25	tsk_25	(x)	1	:	0.000000	0.250686	0.647091	0.000000	0.000000	0.102223
26	tsk_26	(x)	1	:	0.000000	0.372700	0.321528	0.000000	0.000000	0.305772
27	tsk_27	(x)	1	:	0.500000	0.258396	0.135661	0.000000	0.000000	0.105942
28	tsk_28	(x)	1	:	0.000000	0.539326	0.460674	0.000000	0.000000	0.000000
29	tsk_29	(x)	1	:	0.000000	0.608136	0.391864	0.000000	0.000000	0.000000
30	tsk_30	(x)	1	:	0.500000	0.086326	0.097245	0.000000	0.000000	0.316429
31	tsk_31	(x)	1	:	0.000000	0.316739	0.683261	0.000000	0.000000	0.000000
32	tsk_32	(x)	1	:	0.500000	0.052539	0.342443	0.000000	0.000000	0.105017
33	tsk_33	(x)	1	:	1.000000	0.000000	0.000000	0.000000	0.000000	0.000000
34	tsk_34	(x)	1	:	0.500000	0.127952	0.000000	0.000000	0.000000	0.372048
35	tsk_35	(x)	1	:	1.000000	0.000000	0.000000	0.000000	0.000000	0.000000
36	tsk_36	(x)	1	:	0.500000	0.000000	0.145672	0.000000	0.000000	0.354328
37	tsk_37	(x)	1	:	0.500000	0.089301	0.410699	0.000000	0.000000	0.000000
38	tsk_38	(x)	1	:	0.500000	0.252218	0.094472	0.000000	0.000000	0.153310
39	tsk_39	(x)	1	:	0.500000	0.070892	0.361627	0.000000	0.000000	0.067481
40	tsk_40	(x)	1	:	0.000000	0.444555	0.190870	0.000000	0.000000	0.364574
41	tsk_41	(x)	1	:	0.000000	0.544700	0.156627	0.000000	0.000000	0.298672
42	tsk_42	(x)	1	:	0.000000	0.546754	0.155553	0.000000	0.000000	0.297693
43	tsk_43	(x)	1	:	0.000000	0.611140	0.263782	0.000000	0.000000	0.125078
44	tsk_44	(x)	1	:	0.000000	0.168263	0.165375	0.500000	0.000000	0.166362
45	tsk_45	(x)	1	:	0.000000	0.226249	0.587856	0.000000	0.000000	0.185894
46	tsk_46	(x)	1	:	0.000000	0.546662	0.232055	0.000000	0.000000	0.221283
47	tsk_47	(x)	1	:	0.000000	0.000000	0.513270	0.000000	0.000000	0.486730
48	tsk_48	(x)	1	:	0.000000	0.168263	0.165375	0.500000	0.000000	0.166362
49	tsk_49	(x)	1	:	0.500000	0.082225	0.190245	0.000000	0.000000	0.227530
