logL = -325.158100 (converged)
AIC = 1086.316200
BIC = 1503.137216

count.K
5 25 1 19 

