logL = -232.347697 (converged)
AIC = 644.695393
BIC = 816.777464

count.K
28 22 

