logL = -195.243736 (converged)
AIC = 526.487472
BIC = 656.505036

count.K
34 16 

