logL = -143.662456 (converged)
AIC = 943.324912
BIC = 1570.468458

count.K
11 3 9 1 9 17 

