logL = -168.772651 (converged)
AIC = 603.545302
BIC = 857.844362

count.K
21 4 25 

