logL = -324.209671 (converged)
AIC = 804.419342
BIC = 953.557137

count.K
21 29 

