logL = -80.676708 (converged)
AIC = 671.353416
BIC = 1158.919282

count.K
3 5 16 23 3 

