logL = -150.267922 (converged)
AIC = 436.535843
BIC = 566.553408

count.K
19 31 

