logL = -135.423720 (converged)
AIC = 406.847440
BIC = 536.865004

count.K
18 32 

