logL = -204.578720 (converged)
AIC = 1029.157441
BIC = 1621.884572

count.K
2 24 15 5 4 

