logL = -174.958357 (converged)
AIC = 993.916713
BIC = 1609.588121

count.K
5 2 18 11 10 4 

