logL = -45.111624 (converged)
AIC = 320.223249
BIC = 540.105894

count.K
2 20 28 

