logL = -104.180815 (converged)
AIC = 718.361630
BIC = 1205.927496

count.K
10 24 4 2 10 

