logL = -337.377209 (converged)
AIC = 830.754418
BIC = 979.892212

count.K
25 25 

