logL = -245.274281 (converged)
AIC = 926.548561
BIC = 1343.369577

count.K
10 13 20 7 

