logL = -180.824563 (converged)
AIC = 881.649126
BIC = 1378.775107

count.K
8 10 3 20 9 

