logL = -191.326712 (converged)
AIC = 660.653423
BIC = 926.424621

count.K
13 13 24 

