logL = -156.426543 (converged)
AIC = 956.853086
BIC = 1572.524494

count.K
17 0 7 1 21 4 

