logL = -90.173165 (converged)
AIC = 520.346331
BIC = 845.390242

count.K
20 10 9 11 

