logL = -310.127338 (converged)
AIC = 1170.254676
BIC = 1696.061003

count.K
16 21 2 2 9 

