logL = -298.703620 (converged)
AIC = 1217.407240
BIC = 1810.134371

count.K
8 12 9 11 10 

