logL = -77.633416 (converged)
AIC = 365.266832
BIC = 512.392557

count.K
4 11 15 

