logL = -81.345420 (converged)
AIC = 414.690840
BIC = 591.241710

count.K
10 6 10 4 

