logL = -258.482045 (converged)
AIC = 636.964089
BIC = 721.035932

count.K
19 11 

