logL = -92.142492 (converged)
AIC = 280.284983
BIC = 347.542458

count.K
16 14 

