logL = -171.489763 (converged)
AIC = 618.979525
BIC = 812.344764

count.K
17 1 0 12 

