logL = -31.329960 (converged)
AIC = 282.659920
BIC = 436.791632

count.K
6 1 15 8 

