logL = -41.488690 (converged)
AIC = 466.977379
BIC = 736.007276

count.K
7 3 1 10 7 2 

