logL = -57.935650 (converged)
AIC = 511.871299
BIC = 789.308381

count.K
4 7 2 14 3 0 

