logL = -34.386639 (converged)
AIC = 358.773278
BIC = 561.946899

count.K
6 2 4 10 8 

