logL = -98.050876 (converged)
AIC = 308.101751
BIC = 386.568805

count.K
23 7 

