0	tsk_0	(x)	1	:	0.000000	0.500015	0.000000	0.499985
1	tsk_1	(x)	1	:	0.000000	0.000000	0.000000	1.000000
2	tsk_2	(x)	1	:	0.500015	0.000000	0.000000	0.499985
3	tsk_3	(x)	1	:	0.000000	0.000000	0.000000	1.000000
4	tsk_4	(x)	1	:	0.253412	0.249565	0.000000	0.497023
5	tsk_5	(x)	1	:	0.000000	0.500015	0.000000	0.499985
6	tsk_6	(x)	1	:	0.273071	0.726928	0.000000	0.000000
7	tsk_7	(x)	1	:	0.285646	0.214369	0.000000	0.499985
8	tsk_8	(x)	1	:	0.003685	0.002315	0.479670	0.514330
9	tsk_9	(x)	1	:	0.000000	0.000000	0.000009	0.999991
10	tsk_10	(x)	1	:	0.428830	0.571170	0.000000	0.000000
11	tsk_11	(x)	1	:	0.273071	0.726928	0.000000	0.000000
12	tsk_12	(x)	1	:	0.237475	0.297316	0.465209	0.000000
13	tsk_13	(x)	1	:	0.534791	0.000000	0.465209	0.000000
14	tsk_14	(x)	1	:	0.534791	0.000000	0.465209	0.000000
15	tsk_15	(x)	1	:	1.000000	0.000000	0.000000	0.000000
16	tsk_16	(x)	1	:	0.254279	0.248693	0.000000	0.497028
17	tsk_17	(x)	1	:	0.000000	0.000000	1.000000	0.000000
18	tsk_18	(x)	1	:	0.530903	0.469097	0.000000	0.000000
19	tsk_19	(x)	1	:	0.159480	0.375311	0.465209	0.000000
20	tsk_20	(x)	1	:	0.199824	0.800176	0.000000	0.000000
21	tsk_21	(x)	1	:	0.270728	0.729272	0.000000	0.000000
22	tsk_22	(x)	1	:	0.000000	1.000000	0.000000	0.000000
23	tsk_23	(x)	1	:	0.690785	0.309215	0.000000	0.000000
24	tsk_24	(x)	1	:	1.000000	0.000000	0.000000	0.000000
25	tsk_25	(x)	1	:	0.428921	0.571079	0.000000	0.000000
26	tsk_26	(x)	1	:	0.425060	0.574940	0.000000	0.000000
27	tsk_27	(x)	1	:	0.430298	0.569702	0.000000	0.000000
28	tsk_28	(x)	1	:	0.676701	0.000000	0.323299	0.000000
29	tsk_29	(x)	1	:	0.424353	0.575647	0.000000	0.000000
