logL = -58.895825 (converged)
AIC = 345.791650
BIC = 505.528151

count.K
11 4 8 7 

