logL = -172.829074 (converged)
AIC = 645.658147
BIC = 855.837754

count.K
4 13 3 10 

