logL = -20.073649 (converged)
AIC = 112.147299
BIC = 162.590404

count.K
6 24 

