0	tsk_0	(x)	1	:	0.000000	0.000000	0.000000	1.000000	0.000000	0.000000
1	tsk_1	(x)	1	:	0.000000	0.304558	0.000000	0.695442	0.000000	0.000000
2	tsk_2	(x)	1	:	0.000000	0.000000	0.379296	0.484516	0.136188	0.000000
3	tsk_3	(x)	1	:	0.000000	0.000000	0.000000	1.000000	0.000000	0.000000
4	tsk_4	(x)	1	:	0.000000	0.000000	0.000000	1.000000	0.000000	0.000000
5	tsk_5	(x)	1	:	0.000000	0.000000	0.000000	1.000000	0.000000	0.000000
6	tsk_6	(x)	1	:	0.000000	0.000000	0.122073	0.525989	0.351938	0.000000
7	tsk_7	(x)	1	:	0.000000	0.000000	0.229579	0.525989	0.244431	0.000000
8	tsk_8	(x)	1	:	0.000000	0.489274	0.000000	0.510726	0.000000	0.000000
9	tsk_9	(x)	1	:	0.000000	0.000000	0.000000	1.000000	0.000000	0.000000
10	tsk_10	(x)	1	:	0.000000	0.000000	0.946016	0.000000	0.053984	0.000000
11	tsk_11	(x)	1	:	0.000000	0.000000	0.714842	0.000000	0.285157	0.000000
12	tsk_12	(x)	1	:	0.000000	0.000000	0.287660	0.484516	0.227823	0.000000
13	tsk_13	(x)	1	:	0.000000	0.000099	0.085265	0.000000	0.392801	0.521835
14	tsk_14	(x)	1	:	0.000000	0.000000	0.365472	0.000000	0.112586	0.521942
15	tsk_15	(x)	1	:	0.000000	0.000000	0.919571	0.000000	0.080428	0.000000
16	tsk_16	(x)	1	:	0.000000	0.000004	0.208059	0.000000	0.269999	0.521937
17	tsk_17	(x)	1	:	0.000000	0.522218	0.168453	0.000000	0.309329	0.000000
18	tsk_18	(x)	1	:	0.000000	0.000000	1.000000	0.000000	0.000000	0.000000
19	tsk_19	(x)	1	:	0.000000	0.000000	0.957009	0.000000	0.042991	0.000000
20	tsk_20	(x)	1	:	0.500000	0.000000	0.500000	0.000000	0.000000	0.000000
21	tsk_21	(x)	1	:	0.500000	0.000000	0.500000	0.000000	0.000000	0.000000
22	tsk_22	(x)	1	:	0.000000	0.000000	0.223652	0.000000	0.254406	0.521942
23	tsk_23	(x)	1	:	0.500000	0.000000	0.498856	0.000000	0.001143	0.000000
24	tsk_24	(x)	1	:	1.000000	0.000000	0.000000	0.000000	0.000000	0.000000
25	tsk_25	(x)	1	:	0.480759	0.001164	0.000009	0.000003	0.000011	0.518054
26	tsk_26	(x)	1	:	1.000000	0.000000	0.000000	0.000000	0.000000	0.000000
27	tsk_27	(x)	1	:	0.480691	0.001093	0.000034	0.000001	0.000058	0.518123
28	tsk_28	(x)	1	:	0.500000	0.000000	0.443192	0.000000	0.056808	0.000000
29	tsk_29	(x)	1	:	0.500000	0.000000	0.500000	0.000000	0.000000	0.000000
