logL = -34.657459 (converged)
AIC = 339.314918
BIC = 528.476565

count.K
1 8 8 7 6 

