logL = -47.138360 (converged)
AIC = 502.276720
BIC = 788.120986

count.K
9 6 4 3 8 0 

