logL = -20.364147 (converged)
AIC = 172.728294
BIC = 265.207321

count.K
17 10 3 

