logL = -70.486073 (converged)
AIC = 384.972146
BIC = 555.918226

count.K
5 8 2 15 

