logL = -66.888346 (converged)
AIC = 319.776692
BIC = 450.088048

count.K
11 6 13 

