logL = -5.545180 (converged)
AIC = 271.090360
BIC = 453.246020

count.K
15 5 1 5 4 

