logL = -16.321571 (converged)
AIC = 236.643141
BIC = 379.565274

count.K
12 3 12 3 

