logL = -61.647955 (converged)
AIC = 359.295910
BIC = 524.637201

count.K
4 10 11 5 

