logL = -48.520310 (converged)
AIC = 185.040619
BIC = 246.693304

count.K
25 5 

