0	tsk_0	(x)	1	:	0.101608	0.499050	0.000000	0.399342	0.000000	0.000000
1	tsk_1	(x)	1	:	0.000000	1.000000	0.000000	0.000000	0.000000	0.000000
2	tsk_2	(x)	1	:	0.000000	0.499050	0.000000	0.500950	0.000000	0.000000
3	tsk_3	(x)	1	:	0.282874	0.499050	0.000000	0.218076	0.000000	0.000000
4	tsk_4	(x)	1	:	0.206349	0.000000	0.000000	0.793651	0.000000	0.000000
5	tsk_5	(x)	1	:	0.000000	0.499050	0.000000	0.500950	0.000000	0.000000
6	tsk_6	(x)	1	:	0.000000	0.499050	0.000000	0.500950	0.000000	0.000000
7	tsk_7	(x)	1	:	0.217856	0.000000	0.000000	0.782144	0.000000	0.000000
8	tsk_8	(x)	1	:	0.718659	0.000000	0.000000	0.281341	0.000000	0.000000
9	tsk_9	(x)	1	:	1.000000	0.000000	0.000000	0.000000	0.000000	0.000000
10	tsk_10	(x)	1	:	0.085520	0.000000	0.000000	0.914480	0.000000	0.000000
11	tsk_11	(x)	1	:	0.000000	0.000000	0.165854	0.000000	0.834146	0.000000
12	tsk_12	(x)	1	:	0.000000	0.000000	0.000000	0.000000	1.000000	0.000000
13	tsk_13	(x)	1	:	0.066706	0.499044	0.000000	0.434250	0.000000	0.000000
14	tsk_14	(x)	1	:	0.157256	0.000000	0.254196	0.342744	0.245804	0.000001
15	tsk_15	(x)	1	:	0.000000	0.000000	0.236748	0.000000	0.763252	0.000000
16	tsk_16	(x)	1	:	0.238398	0.015330	0.472103	0.250059	0.024110	0.000001
17	tsk_17	(x)	1	:	0.117707	0.004046	0.000000	0.378633	0.000000	0.499613
18	tsk_18	(x)	1	:	0.000000	0.000000	0.016533	0.000000	0.983467	0.000000
19	tsk_19	(x)	1	:	0.000000	0.000000	0.999999	0.000000	0.000000	0.000001
20	tsk_20	(x)	1	:	0.000000	0.000000	0.103519	0.000000	0.896481	0.000000
21	tsk_21	(x)	1	:	0.000000	0.000000	0.999997	0.000000	0.000000	0.000003
22	tsk_22	(x)	1	:	0.000000	0.000000	0.069846	0.000000	0.930154	0.000000
23	tsk_23	(x)	1	:	0.000000	0.000000	0.350344	0.000000	0.649656	0.000000
24	tsk_24	(x)	1	:	0.000000	0.000000	0.055956	0.000000	0.944044	0.000000
25	tsk_25	(x)	1	:	0.000000	0.000000	0.000000	0.000000	1.000000	0.000000
26	tsk_26	(x)	1	:	0.000000	0.000000	0.430106	0.000000	0.569894	0.000000
27	tsk_27	(x)	1	:	0.000000	0.000000	0.229730	0.000000	0.770269	0.000000
28	tsk_28	(x)	1	:	0.000000	0.000000	0.000000	0.000000	1.000000	0.000000
29	tsk_29	(x)	1	:	0.000000	0.000000	1.000000	0.000000	0.000000	0.000000
