logL = -213.340628 (converged)
AIC = 636.681257
BIC = 783.806982

count.K
9 4 17 

