logL = -19.395001 (converged)
AIC = 176.790001
BIC = 273.472621

count.K
15 1 14 

