logL = -151.632257 (converged)
AIC = 399.264514
BIC = 466.521989

count.K
8 22 

