logL = -55.591952 (converged)
AIC = 543.183903
BIC = 845.842538

count.K
15 5 0 3 1 6 

