0	tsk_0	(x)	1	:	0.000000	0.497924	0.000000	0.000000	0.297582	0.204494
1	tsk_1	(x)	1	:	0.000000	0.377107	0.000000	0.000000	0.374035	0.248858
2	tsk_2	(x)	1	:	0.000000	0.552197	0.000190	0.000000	0.197028	0.250585
3	tsk_3	(x)	1	:	0.000000	0.149291	0.000000	0.000000	0.463439	0.387270
4	tsk_4	(x)	1	:	0.000000	0.148755	0.000000	0.000000	0.358793	0.492452
5	tsk_5	(x)	1	:	0.000000	0.277193	0.000000	0.000000	0.422500	0.300307
6	tsk_6	(x)	1	:	0.000000	0.118336	0.000000	0.000000	0.470077	0.411587
7	tsk_7	(x)	1	:	0.000000	0.149810	0.000000	0.000000	0.584444	0.265746
8	tsk_8	(x)	1	:	0.000000	0.072245	0.000024	0.000000	0.566689	0.361042
9	tsk_9	(x)	1	:	0.000000	0.000242	0.999230	0.000000	0.000317	0.000211
10	tsk_10	(x)	1	:	0.000000	0.208295	0.000000	0.501602	0.138822	0.151281
11	tsk_11	(x)	1	:	0.000000	0.336473	0.000000	0.000000	0.442699	0.220828
12	tsk_12	(x)	1	:	0.000000	0.736708	0.000000	0.000000	0.263292	0.000000
13	tsk_13	(x)	1	:	1.000000	0.000000	0.000000	0.000000	0.000000	0.000000
14	tsk_14	(x)	1	:	0.000000	0.439424	0.000000	0.000000	0.020975	0.539601
15	tsk_15	(x)	1	:	0.000000	0.000000	0.000000	0.000000	0.412866	0.587134
16	tsk_16	(x)	1	:	0.000000	0.138847	0.000000	0.000000	0.670962	0.190191
17	tsk_17	(x)	1	:	0.000000	0.144456	0.000000	0.501535	0.193812	0.160197
18	tsk_18	(x)	1	:	0.000000	0.501449	0.000000	0.000000	0.288352	0.210199
19	tsk_19	(x)	1	:	0.000000	0.313537	0.000000	0.000000	0.408115	0.278348
20	tsk_20	(x)	1	:	0.000000	0.094865	0.000000	0.501522	0.247717	0.155897
21	tsk_21	(x)	1	:	1.000000	0.000000	0.000000	0.000000	0.000000	0.000000
22	tsk_22	(x)	1	:	1.000000	0.000000	0.000000	0.000000	0.000000	0.000000
23	tsk_23	(x)	1	:	0.512385	0.203799	0.000000	0.000000	0.138787	0.145028
24	tsk_24	(x)	1	:	1.000000	0.000000	0.000000	0.000000	0.000000	0.000000
25	tsk_25	(x)	1	:	1.000000	0.000000	0.000000	0.000000	0.000000	0.000000
26	tsk_26	(x)	1	:	1.000000	0.000000	0.000000	0.000000	0.000000	0.000000
27	tsk_27	(x)	1	:	0.000000	0.155469	0.000000	0.501545	0.230335	0.112651
28	tsk_28	(x)	1	:	1.000000	0.000000	0.000000	0.000000	0.000000	0.000000
29	tsk_29	(x)	1	:	1.000000	0.000000	0.000000	0.000000	0.000000	0.000000
