logL = -115.690930 (converged)
AIC = 363.381861
BIC = 455.860888

count.K
10 20 

