logL = -4.089661 (converged)
AIC = 140.179321
BIC = 232.658348

count.K
1 3 26 

