logL = -26.080631 (converged)
AIC = 412.161262
BIC = 664.376790

count.K
1 8 7 5 7 2 

