logL = -30.509047 (converged)
AIC = 289.018095
BIC = 448.754596

count.K
11 11 7 1 

