logL = -40.144385 (converged)
AIC = 450.288769
BIC = 709.510285

count.K
5 3 2 4 16 

