logL = -14.976517 (converged)
AIC = 233.953034
BIC = 376.875167

count.K
15 1 9 5 

