logL = -106.023240 (converged)
AIC = 562.046479
BIC = 807.256021

count.K
14 4 1 9 2 

