logL = -14.818623 (converged)
AIC = 299.637247
BIC = 488.798893

count.K
3 15 4 2 6 

