logL = -43.616463 (converged)
AIC = 397.232925
BIC = 614.418520

count.K
3 9 8 6 4 

