logL = -60.064744 (converged)
AIC = 504.129488
BIC = 773.159385

count.K
4 6 0 0 12 8 

