0	tsk_0	(x)	1	:	0.000000	0.000000	0.051037	0.948963	0.000000	0.000000
1	tsk_1	(x)	1	:	0.000000	0.000000	0.183068	0.816932	0.000000	0.000000
2	tsk_2	(x)	1	:	0.000000	0.000000	0.152558	0.847442	0.000000	0.000000
3	tsk_3	(x)	1	:	0.000000	0.000000	0.106482	0.893518	0.000000	0.000000
4	tsk_4	(x)	1	:	0.000000	0.000000	0.263135	0.736865	0.000000	0.000000
5	tsk_5	(x)	1	:	0.000000	0.000000	0.046107	0.953893	0.000000	0.000000
6	tsk_6	(x)	1	:	0.000000	0.000000	0.116780	0.883220	0.000000	0.000000
7	tsk_7	(x)	1	:	0.000000	0.000000	0.241967	0.758032	0.000000	0.000000
8	tsk_8	(x)	1	:	0.000000	0.000000	0.078620	0.921380	0.000000	0.000000
9	tsk_9	(x)	1	:	0.000000	0.000000	0.143927	0.856073	0.000000	0.000000
10	tsk_10	(x)	1	:	0.000000	0.714507	0.000000	0.000000	0.000000	0.285493
11	tsk_11	(x)	1	:	0.000000	0.000000	0.233246	0.266777	0.000000	0.499976
12	tsk_12	(x)	1	:	0.000000	0.000000	0.024568	0.975432	0.000000	0.000000
13	tsk_13	(x)	1	:	0.000000	0.000000	0.445214	0.054810	0.000000	0.499976
14	tsk_14	(x)	1	:	0.000000	0.000000	0.268995	0.231029	0.000000	0.499976
15	tsk_15	(x)	1	:	0.000000	0.000000	0.500024	0.000000	0.000000	0.499976
16	tsk_16	(x)	1	:	0.000001	0.000000	0.323502	0.176522	0.000000	0.499975
17	tsk_17	(x)	1	:	0.000000	0.000000	0.262296	0.237728	0.000000	0.499976
18	tsk_18	(x)	1	:	0.000000	0.000000	0.301341	0.198683	0.000000	0.499976
19	tsk_19	(x)	1	:	0.000000	0.000000	0.136049	0.863951	0.000000	0.000000
20	tsk_20	(x)	1	:	0.432989	0.000000	0.000000	0.000000	0.000000	0.567011
21	tsk_21	(x)	1	:	0.432989	0.000000	0.000000	0.000000	0.000000	0.567011
22	tsk_22	(x)	1	:	1.000000	0.000000	0.000000	0.000000	0.000000	0.000000
23	tsk_23	(x)	1	:	0.432907	0.000000	0.000000	0.000000	0.000000	0.567093
24	tsk_24	(x)	1	:	0.000000	0.000000	0.000000	0.000000	0.000000	1.000000
25	tsk_25	(x)	1	:	1.000000	0.000000	0.000000	0.000000	0.000000	0.000000
26	tsk_26	(x)	1	:	0.000000	0.000000	0.000000	0.000000	0.500201	0.499799
27	tsk_27	(x)	1	:	0.000000	0.000000	0.000000	0.000000	0.000000	1.000000
28	tsk_28	(x)	1	:	0.000000	0.000000	0.000000	0.000000	0.000000	1.000000
29	tsk_29	(x)	1	:	1.000000	0.000000	0.000000	0.000000	0.000000	0.000000
