logL = -28.735265 (converged)
AIC = 225.470530
BIC = 343.171110

count.K
6 10 14 

