logL = -28.999241 (converged)
AIC = 213.998482
BIC = 323.291878

count.K
3 8 19 

