logL = -11.090490 (converged)
AIC = 166.180980
BIC = 267.067192

count.K
6 2 22 

