logL = -136.311662 (converged)
AIC = 368.623324
BIC = 435.880798

count.K
20 10 

