logL = -27.726219 (converged)
AIC = 451.452438
BIC = 728.889520

count.K
1 3 1 6 11 8 

