logL = -85.497612 (converged)
AIC = 350.995224
BIC = 477.102988

count.K
13 8 9 

