logL = -26.307588 (converged)
AIC = 412.615176
BIC = 664.830705

count.K
6 9 1 0 9 5 

