logL = -133.503615 (converged)
AIC = 371.007231
BIC = 443.869495

count.K
19 11 

