0	tsk_0	(x)	1	:	0.000000	1.000000	0.000000	0.000000	0.000000	0.000000
1	tsk_1	(x)	1	:	0.000000	0.000000	0.120124	0.425309	0.454568	0.000000
2	tsk_2	(x)	1	:	0.000014	0.500016	0.200970	0.000000	0.298999	0.000000
3	tsk_3	(x)	1	:	0.000000	1.000000	0.000000	0.000000	0.000000	0.000000
4	tsk_4	(x)	1	:	0.000000	0.500034	0.499966	0.000000	0.000000	0.000000
5	tsk_5	(x)	1	:	0.000000	0.000001	0.000000	0.666666	0.000000	0.333333
6	tsk_6	(x)	1	:	0.000000	1.000000	0.000000	0.000000	0.000000	0.000000
7	tsk_7	(x)	1	:	0.000000	0.500025	0.364251	0.135724	0.000000	0.000000
8	tsk_8	(x)	1	:	0.000000	1.000000	0.000000	0.000000	0.000000	0.000000
9	tsk_9	(x)	1	:	0.000000	0.500013	0.228455	0.120566	0.150966	0.000000
10	tsk_10	(x)	1	:	0.000000	0.000000	0.377091	0.122909	0.000000	0.500000
11	tsk_11	(x)	1	:	0.537408	0.006517	0.000000	0.201785	0.055683	0.198608
12	tsk_12	(x)	1	:	0.908862	0.000001	0.087163	0.003973	0.000000	0.000001
13	tsk_13	(x)	1	:	0.868474	0.034034	0.083942	0.013550	0.000000	0.000000
14	tsk_14	(x)	1	:	0.000000	0.000000	0.395909	0.604091	0.000000	0.000000
15	tsk_15	(x)	1	:	0.000001	0.000000	0.220020	0.000000	0.779979	0.000000
16	tsk_16	(x)	1	:	0.000000	0.000000	0.000000	0.000000	0.000000	1.000000
17	tsk_17	(x)	1	:	0.000000	0.000000	0.374957	0.073072	0.051971	0.500000
18	tsk_18	(x)	1	:	0.000000	0.000000	0.219768	0.366034	0.414197	0.000000
19	tsk_19	(x)	1	:	0.000000	0.000019	0.000000	0.000000	0.000000	0.999981
20	tsk_20	(x)	1	:	0.000000	0.000000	0.000000	0.727929	0.272071	0.000000
21	tsk_21	(x)	1	:	0.000000	0.000000	0.000000	0.727929	0.272071	0.000000
22	tsk_22	(x)	1	:	0.000000	0.000000	0.000000	0.451413	0.548586	0.000000
23	tsk_23	(x)	1	:	0.000000	0.000000	0.229365	0.347172	0.423463	0.000000
24	tsk_24	(x)	1	:	0.000000	0.000000	0.000000	0.450890	0.549110	0.000000
25	tsk_25	(x)	1	:	0.000000	0.000000	0.124603	0.408804	0.466592	0.000000
26	tsk_26	(x)	1	:	0.000000	0.000000	0.123828	0.406423	0.469749	0.000000
27	tsk_27	(x)	1	:	0.000000	0.000000	0.350429	0.000000	0.649571	0.000000
28	tsk_28	(x)	1	:	0.000000	0.000000	0.208867	0.000000	0.791133	0.000000
29	tsk_29	(x)	1	:	0.000000	0.000000	0.000000	0.640394	0.359606	0.000000
