logL = -5.263496 (converged)
AIC = 322.526991
BIC = 541.113783

count.K
2 8 4 2 8 6 

