0	tsk_0	(x)	1	:	0.000000	0.000000	0.000000	0.000000	0.000000	1.000000
1	tsk_1	(x)	1	:	0.000000	0.000000	0.581403	0.000000	0.000000	0.418597
2	tsk_2	(x)	1	:	0.000000	0.000000	0.682111	0.000000	0.000000	0.317889
3	tsk_3	(x)	1	:	0.000000	0.000000	0.000000	0.000000	0.000000	1.000000
4	tsk_4	(x)	1	:	0.000000	0.000000	0.401796	0.000000	0.000000	0.598203
5	tsk_5	(x)	1	:	0.000000	0.000000	0.686127	0.000000	0.000000	0.313873
6	tsk_6	(x)	1	:	0.000000	0.000000	0.397904	0.000000	0.000000	0.602096
7	tsk_7	(x)	1	:	0.000000	0.000000	1.000000	0.000000	0.000000	0.000000
8	tsk_8	(x)	1	:	0.000000	0.000000	0.681470	0.000000	0.000000	0.318530
9	tsk_9	(x)	1	:	0.000000	0.000000	0.385484	0.000000	0.000000	0.614516
10	tsk_10	(x)	1	:	0.000000	0.000000	0.395658	0.000000	0.000000	0.604342
11	tsk_11	(x)	1	:	0.000000	1.000000	0.000000	0.000000	0.000000	0.000000
12	tsk_12	(x)	1	:	0.000000	0.605824	0.000000	0.394176	0.000000	0.000000
13	tsk_13	(x)	1	:	0.515619	0.000000	0.087033	0.000000	0.000000	0.397348
14	tsk_14	(x)	1	:	0.515619	0.000000	0.107648	0.000000	0.000000	0.376733
15	tsk_15	(x)	1	:	0.000000	0.000000	0.397903	0.000000	0.000000	0.602097
16	tsk_16	(x)	1	:	0.000000	0.558484	0.383408	0.000000	0.000000	0.058108
17	tsk_17	(x)	1	:	0.000000	0.000000	0.227013	0.000000	0.000000	0.772987
18	tsk_18	(x)	1	:	0.000000	0.000000	0.170214	0.000000	0.000000	0.829786
19	tsk_19	(x)	1	:	0.515619	0.000000	0.300668	0.000000	0.000000	0.183713
20	tsk_20	(x)	1	:	0.000000	0.000000	0.419411	0.000000	0.500118	0.080470
21	tsk_21	(x)	1	:	0.000000	0.000000	0.000047	0.511979	0.487974	0.000000
22	tsk_22	(x)	1	:	0.503859	0.000000	0.004686	0.000000	0.488899	0.002556
23	tsk_23	(x)	1	:	0.515619	0.000000	0.345067	0.000000	0.000000	0.139314
24	tsk_24	(x)	1	:	0.000000	0.000000	0.327943	0.000000	0.500118	0.171938
25	tsk_25	(x)	1	:	0.000000	0.000000	0.389941	0.000000	0.000000	0.610059
26	tsk_26	(x)	1	:	0.000000	0.000000	0.742391	0.000000	0.000000	0.257609
27	tsk_27	(x)	1	:	0.000000	0.000000	0.307282	0.000000	0.000000	0.692718
28	tsk_28	(x)	1	:	0.000000	0.000000	0.000032	0.511984	0.487983	0.000000
29	tsk_29	(x)	1	:	0.000104	0.000000	0.501144	0.000000	0.498752	0.000000
