logL = -39.610859 (converged)
AIC = 229.221718
BIC = 334.311521

count.K
10 11 9 

