0	tsk_0	(x)	1	:	0.510008	0.000000	0.000000	0.489992	0.000000
1	tsk_1	(x)	1	:	0.508638	0.000000	0.000000	0.491362	0.000000
2	tsk_2	(x)	1	:	0.509515	0.000000	0.000000	0.490485	0.000000
3	tsk_3	(x)	1	:	0.697613	0.000000	0.000000	0.302387	0.000000
4	tsk_4	(x)	1	:	0.000000	0.000000	0.000000	1.000000	0.000000
5	tsk_5	(x)	1	:	0.000000	0.000000	0.000000	1.000000	0.000000
6	tsk_6	(x)	1	:	0.507479	0.000002	0.000000	0.492518	0.000000
7	tsk_7	(x)	1	:	1.000000	0.000000	0.000000	0.000000	0.000000
8	tsk_8	(x)	1	:	0.684849	0.000000	0.000000	0.315151	0.000000
9	tsk_9	(x)	1	:	0.689700	0.000000	0.000000	0.310300	0.000000
10	tsk_10	(x)	1	:	0.000000	0.878462	0.121538	0.000000	0.000000
11	tsk_11	(x)	1	:	0.000000	0.519431	0.480569	0.000000	0.000000
12	tsk_12	(x)	1	:	0.508447	0.000000	0.000000	0.491553	0.000000
13	tsk_13	(x)	1	:	0.000000	0.569689	0.430311	0.000000	0.000000
14	tsk_14	(x)	1	:	0.500004	0.499996	0.000000	0.000000	0.000000
15	tsk_15	(x)	1	:	0.000000	0.789086	0.210914	0.000000	0.000000
16	tsk_16	(x)	1	:	0.000000	0.618238	0.381762	0.000000	0.000000
17	tsk_17	(x)	1	:	0.000000	0.000000	0.000000	1.000000	0.000000
18	tsk_18	(x)	1	:	0.510644	0.000000	0.000000	0.489356	0.000000
19	tsk_19	(x)	1	:	0.212771	0.500001	0.000000	0.287228	0.000000
20	tsk_20	(x)	1	:	0.404650	0.000000	0.000000	0.595350	0.000000
21	tsk_21	(x)	1	:	0.000000	0.000000	0.000000	1.000000	0.000000
22	tsk_22	(x)	1	:	0.511294	0.000000	0.000000	0.488706	0.000000
23	tsk_23	(x)	1	:	0.689169	0.000000	0.000000	0.310831	0.000000
24	tsk_24	(x)	1	:	0.197364	0.000000	0.000000	0.802636	0.000000
25	tsk_25	(x)	1	:	0.334527	0.000000	0.000000	0.665473	0.000000
26	tsk_26	(x)	1	:	0.000000	0.000000	0.000000	0.181270	0.818730
27	tsk_27	(x)	1	:	0.616030	0.000000	0.000000	0.383970	0.000000
28	tsk_28	(x)	1	:	0.169482	0.000000	0.000000	0.000000	0.830518
29	tsk_29	(x)	1	:	0.510355	0.000000	0.000000	0.489645	0.000000
