logL = -49.871184 (converged)
AIC = 267.742368
BIC = 385.442948

count.K
10 11 9 

