logL = -78.154770 (converged)
AIC = 660.309539
BIC = 1013.411280

count.K
12 1 4 4 4 5 

