logL = -103.150933 (converged)
AIC = 410.301866
BIC = 553.223999

count.K
10 14 6 

