logL = -30.931764 (converged)
AIC = 421.863527
BIC = 674.079056

count.K
5 2 9 8 2 4 

