logL = -5.545180 (converged)
AIC = 143.090360
BIC = 235.569387

count.K
6 19 5 

