logL = -96.647175 (converged)
AIC = 301.294349
BIC = 376.959008

count.K
17 13 

