logL = -83.091949 (converged)
AIC = 334.183898
BIC = 451.884478

count.K
10 9 11 

