logL = -63.077400 (converged)
AIC = 378.154799
BIC = 554.705669

count.K
14 1 6 9 

