logL = -113.515493 (converged)
AIC = 695.030986
BIC = 1022.911174

count.K
5 4 7 6 1 7 

