logL = -60.958201 (converged)
AIC = 233.916402
BIC = 312.383456

count.K
21 9 

