logL = -21.570522 (converged)
AIC = 111.141044
BIC = 158.781755

count.K
13 17 

