logL = -59.966637 (converged)
AIC = 199.933274
BIC = 255.981169

count.K
11 19 

