logL = -42.681210 (converged)
AIC = 247.362420
BIC = 360.859408

count.K
7 13 10 

