logL = -42.966406 (converged)
AIC = 235.932811
BIC = 341.022615

count.K
7 2 21 

