logL = -69.930655 (converged)
AIC = 227.861309
BIC = 289.513994

count.K
20 10 

