logL = -17.429071 (converged)
AIC = 370.858143
BIC = 606.259303

count.K
5 3 10 1 6 5 

