logL = -33.181453 (converged)
AIC = 346.362905
BIC = 542.530538

count.K
1 5 9 7 8 

