logL = -95.181389 (converged)
AIC = 622.362779
BIC = 925.021413

count.K
11 4 1 6 1 7 

