logL = -67.182561 (converged)
AIC = 454.365121
BIC = 678.556702

count.K
1 3 6 10 10 

