0	tsk_0	(x)	1	:	0.000000	0.000056	0.366307	0.633637
1	tsk_1	(x)	1	:	0.000000	0.000031	0.460363	0.539606
2	tsk_2	(x)	1	:	0.000000	0.000040	0.301095	0.698864
3	tsk_3	(x)	1	:	0.000000	0.000037	0.559786	0.440177
4	tsk_4	(x)	1	:	0.000000	0.000061	0.464825	0.535114
5	tsk_5	(x)	1	:	0.000000	0.000000	0.471671	0.528329
6	tsk_6	(x)	1	:	0.000000	0.000061	0.466660	0.533280
7	tsk_7	(x)	1	:	0.000000	0.000025	0.470846	0.529129
8	tsk_8	(x)	1	:	0.000000	0.000000	0.471671	0.528329
9	tsk_9	(x)	1	:	0.000000	0.000030	0.630831	0.369140
10	tsk_10	(x)	1	:	0.447875	0.000000	0.033078	0.519047
11	tsk_11	(x)	1	:	0.447875	0.000000	0.037412	0.514713
12	tsk_12	(x)	1	:	0.447875	0.000000	0.001461	0.550665
13	tsk_13	(x)	1	:	1.000000	0.000000	0.000000	0.000000
14	tsk_14	(x)	1	:	0.000000	0.000000	0.471671	0.528329
15	tsk_15	(x)	1	:	1.000000	0.000000	0.000000	0.000000
16	tsk_16	(x)	1	:	0.000000	0.000028	0.303985	0.695987
17	tsk_17	(x)	1	:	0.739531	0.000000	0.260454	0.000015
18	tsk_18	(x)	1	:	0.447871	0.000000	0.027344	0.524785
19	tsk_19	(x)	1	:	0.447855	0.000000	0.002103	0.550042
20	tsk_20	(x)	1	:	0.000000	0.000027	0.472965	0.527008
21	tsk_21	(x)	1	:	0.000000	0.000000	0.466116	0.533884
22	tsk_22	(x)	1	:	0.000000	0.000061	0.000000	0.999939
23	tsk_23	(x)	1	:	0.000000	0.000062	0.462696	0.537242
24	tsk_24	(x)	1	:	0.000000	0.000062	0.302412	0.697527
25	tsk_25	(x)	1	:	0.000000	0.998802	0.000836	0.000362
26	tsk_26	(x)	1	:	0.000000	0.000000	1.000000	0.000000
27	tsk_27	(x)	1	:	0.000000	0.000029	0.366038	0.633933
28	tsk_28	(x)	1	:	0.000000	0.000062	0.722796	0.277142
29	tsk_29	(x)	1	:	0.000000	0.000030	0.220361	0.779610
