logL = -129.628317 (converged)
AIC = 367.256634
BIC = 442.921292

count.K
21 9 

