logL = -110.908785 (converged)
AIC = 489.817571
BIC = 677.578020

count.K
6 8 11 5 

