logL = -59.385837 (converged)
AIC = 386.771675
BIC = 574.532124

count.K
9 2 13 6 

