logL = -203.693528 (converged)
AIC = 523.387056
BIC = 604.656504

count.K
19 11 

