0	tsk_0	(x)	1	:	0.000003	0.000000	0.369447	0.000000	0.416876	0.213675
1	tsk_1	(x)	1	:	0.000001	0.000000	0.429810	0.000000	0.000000	0.570190
2	tsk_2	(x)	1	:	0.000000	0.000000	0.829260	0.000000	0.000000	0.170739
3	tsk_3	(x)	1	:	0.000002	0.000000	0.798295	0.000000	0.000000	0.201703
4	tsk_4	(x)	1	:	0.000000	0.000000	0.458291	0.000000	0.000000	0.541709
5	tsk_5	(x)	1	:	0.000003	0.000000	0.187636	0.000000	0.416875	0.395486
6	tsk_6	(x)	1	:	0.000000	0.000000	0.559819	0.000000	0.000000	0.440181
7	tsk_7	(x)	1	:	0.000001	0.000000	0.361368	0.000000	0.416870	0.221761
8	tsk_8	(x)	1	:	0.000001	0.000000	0.561841	0.000000	0.000000	0.438158
9	tsk_9	(x)	1	:	0.000000	0.000000	0.559751	0.000000	0.000000	0.440249
10	tsk_10	(x)	1	:	0.000004	0.000000	0.480181	0.000000	0.311878	0.207937
11	tsk_11	(x)	1	:	0.000002	0.000000	0.683453	0.000000	0.000000	0.316545
12	tsk_12	(x)	1	:	0.000001	0.000000	0.505295	0.000000	0.000000	0.494703
13	tsk_13	(x)	1	:	0.000001	0.000000	0.840317	0.000000	0.000000	0.159682
14	tsk_14	(x)	1	:	0.000000	0.000000	0.559440	0.000000	0.000000	0.440559
15	tsk_15	(x)	1	:	0.000000	0.000000	1.000000	0.000000	0.000000	0.000000
16	tsk_16	(x)	1	:	0.500044	0.000000	0.285459	0.000000	0.000001	0.214497
17	tsk_17	(x)	1	:	0.000000	0.000000	0.702918	0.000000	0.000000	0.297082
18	tsk_18	(x)	1	:	0.500053	0.000000	0.071251	0.000000	0.000001	0.428695
19	tsk_19	(x)	1	:	0.500010	0.000000	0.313843	0.000000	0.000000	0.186147
20	tsk_20	(x)	1	:	0.000000	0.279229	0.000000	0.720771	0.000000	0.000000
21	tsk_21	(x)	1	:	0.000000	0.164457	0.000000	0.835543	0.000000	0.000000
22	tsk_22	(x)	1	:	0.000000	0.233526	0.000000	0.766473	0.000000	0.000000
23	tsk_23	(x)	1	:	0.000000	0.264323	0.000000	0.735677	0.000000	0.000000
24	tsk_24	(x)	1	:	0.000000	0.177664	0.000000	0.822336	0.000000	0.000000
25	tsk_25	(x)	1	:	0.500200	0.113165	0.000000	0.386633	0.000002	0.000000
26	tsk_26	(x)	1	:	0.500262	0.126620	0.000000	0.373116	0.000002	0.000000
27	tsk_27	(x)	1	:	0.999982	0.000000	0.000010	0.000000	0.000001	0.000007
28	tsk_28	(x)	1	:	0.000000	0.212286	0.000000	0.787714	0.000000	0.000000
29	tsk_29	(x)	1	:	0.000000	0.218696	0.000000	0.781304	0.000000	0.000000
