logL = -26.650635 (converged)
AIC = 191.301269
BIC = 287.983889

count.K
10 10 10 

