logL = -52.870400 (converged)
AIC = 267.740800
BIC = 381.237788

count.K
15 10 5 

