logL = -53.585709 (converged)
AIC = 351.171417
BIC = 522.117498

count.K
14 1 3 12 

