logL = -106.169873 (converged)
AIC = 582.339745
BIC = 841.561261

count.K
12 0 2 15 1 

