logL = -44.605176 (converged)
AIC = 461.210353
BIC = 721.833066

count.K
3 1 6 6 5 9 

