logL = -48.710275 (converged)
AIC = 341.420550
BIC = 512.366631

count.K
1 3 19 7 

