logL = -36.138807 (converged)
AIC = 292.277614
BIC = 446.409326

count.K
8 11 10 1 

