logL = -39.757917 (converged)
AIC = 307.515834
BIC = 467.252336

count.K
16 3 7 4 

