logL = -91.364058 (converged)
AIC = 368.728117
BIC = 499.039473

count.K
17 3 10 

