logL = -75.022590 (converged)
AIC = 394.045179
BIC = 564.991260

count.K
4 12 5 9 

