logL = -21.557165 (converged)
AIC = 247.114330
BIC = 390.036463

count.K
8 12 3 7 

