logL = -152.576382 (converged)
AIC = 401.152764
BIC = 468.410239

count.K
10 20 

