logL = -46.949232 (converged)
AIC = 525.898464
BIC = 828.557099

count.K
2 8 6 12 1 1 

