logL = -47.820141 (converged)
AIC = 375.640283
BIC = 571.807916

count.K
5 2 10 11 2 

