0	tsk_0	(x)	1	:	0.000001	0.500001	0.090104	0.409895	0.000000
1	tsk_1	(x)	1	:	0.000000	1.000000	0.000000	0.000000	0.000000
2	tsk_2	(x)	1	:	0.000000	1.000000	0.000000	0.000000	0.000000
3	tsk_3	(x)	1	:	0.000000	0.000000	0.467828	0.532172	0.000000
4	tsk_4	(x)	1	:	0.000000	0.000000	0.240390	0.759610	0.000000
5	tsk_5	(x)	1	:	0.000000	0.500000	0.035094	0.464906	0.000000
6	tsk_6	(x)	1	:	0.000000	1.000000	0.000000	0.000000	0.000000
7	tsk_7	(x)	1	:	0.000008	0.500010	0.499981	0.000000	0.000000
8	tsk_8	(x)	1	:	0.000001	0.500002	0.091959	0.408038	0.000000
9	tsk_9	(x)	1	:	0.000000	0.495414	0.078449	0.426137	0.000000
10	tsk_10	(x)	1	:	0.000000	0.000000	0.047252	0.952748	0.000000
11	tsk_11	(x)	1	:	0.000000	0.000000	0.000000	0.000000	1.000000
12	tsk_12	(x)	1	:	0.505976	0.000000	0.000000	0.000000	0.494024
13	tsk_13	(x)	1	:	0.000000	0.000000	0.500000	0.000000	0.500000
14	tsk_14	(x)	1	:	0.000000	0.000000	0.247398	0.250056	0.502546
15	tsk_15	(x)	1	:	0.000003	0.500004	0.499992	0.000000	0.000000
16	tsk_16	(x)	1	:	0.000000	0.000000	0.397275	0.602725	0.000000
17	tsk_17	(x)	1	:	0.000000	0.000000	0.279044	0.220956	0.500000
18	tsk_18	(x)	1	:	0.000000	0.000000	0.000000	1.000000	0.000000
19	tsk_19	(x)	1	:	0.520509	0.000000	0.000000	0.479491	0.000000
20	tsk_20	(x)	1	:	0.000000	0.000000	0.000000	1.000000	0.000000
21	tsk_21	(x)	1	:	0.000000	0.000000	0.161868	0.838132	0.000000
22	tsk_22	(x)	1	:	0.000000	0.000000	0.397275	0.602725	0.000000
23	tsk_23	(x)	1	:	0.000000	0.000000	0.302695	0.697305	0.000000
24	tsk_24	(x)	1	:	0.000000	0.000000	0.000000	1.000000	0.000000
25	tsk_25	(x)	1	:	0.000000	0.000000	0.000000	1.000000	0.000000
26	tsk_26	(x)	1	:	0.000000	0.000000	0.166240	0.833760	0.000000
27	tsk_27	(x)	1	:	0.000000	0.000000	0.083296	0.916704	0.000000
28	tsk_28	(x)	1	:	0.000000	0.000000	1.000000	0.000000	0.000000
29	tsk_29	(x)	1	:	0.000000	0.000000	0.298794	0.701206	0.000000
