logL = -85.487636 (converged)
AIC = 530.975272
BIC = 783.190801

count.K
3 8 9 2 8 

