logL = -80.268005 (converged)
AIC = 490.536011
BIC = 721.733579

count.K
0 3 16 2 9 

