logL = -66.579823 (converged)
AIC = 385.159646
BIC = 561.710516

count.K
3 13 2 12 

