logL = -57.993397 (converged)
AIC = 195.986793
BIC = 252.034689

count.K
18 12 

