logL = -12.407757 (converged)
AIC = 294.815515
BIC = 483.977161

count.K
3 3 10 5 9 

