logL = -65.367255 (converged)
AIC = 374.734510
BIC = 545.680591

count.K
7 3 6 14 

