logL = -21.003297 (converged)
AIC = 186.006594
BIC = 286.892805

count.K
18 7 5 

