0	tsk_0	(x)	1	:	0.000000	1.000000	0.000000	0.000000	0.000000
1	tsk_1	(x)	1	:	0.000000	0.055275	0.000000	0.000042	0.944683
2	tsk_2	(x)	1	:	0.000000	0.186230	0.000000	0.000000	0.813769
3	tsk_3	(x)	1	:	0.000000	0.000000	0.000000	0.000000	1.000000
4	tsk_4	(x)	1	:	0.000000	0.135966	0.000000	0.000000	0.864034
5	tsk_5	(x)	1	:	0.000000	0.012478	0.000000	0.000042	0.987480
6	tsk_6	(x)	1	:	0.000000	1.000000	0.000000	0.000000	0.000000
7	tsk_7	(x)	1	:	0.000002	0.048381	0.000000	0.000000	0.951617
8	tsk_8	(x)	1	:	0.000002	0.056039	0.000000	0.000042	0.943918
9	tsk_9	(x)	1	:	0.000000	0.000000	0.000000	0.000042	0.999958
10	tsk_10	(x)	1	:	0.000000	0.137084	0.419314	0.000000	0.443602
11	tsk_11	(x)	1	:	0.944573	0.000859	0.000000	0.000035	0.054533
12	tsk_12	(x)	1	:	0.956498	0.000000	0.000000	0.000000	0.043502
13	tsk_13	(x)	1	:	0.000000	0.000000	1.000000	0.000000	0.000000
14	tsk_14	(x)	1	:	0.000004	0.049303	0.000000	0.000000	0.950693
15	tsk_15	(x)	1	:	0.000000	0.000000	1.000000	0.000000	0.000000
16	tsk_16	(x)	1	:	0.000000	0.126209	0.000000	0.000000	0.873791
17	tsk_17	(x)	1	:	0.000000	0.266903	0.732967	0.000000	0.000130
18	tsk_18	(x)	1	:	0.962208	0.000000	0.000000	0.000000	0.037792
19	tsk_19	(x)	1	:	1.000000	0.000000	0.000000	0.000000	0.000000
20	tsk_20	(x)	1	:	0.000000	0.033176	0.000000	0.000000	0.966824
21	tsk_21	(x)	1	:	0.000000	0.054093	0.000000	0.000042	0.945865
22	tsk_22	(x)	1	:	0.000000	0.126209	0.000000	0.000000	0.873791
23	tsk_23	(x)	1	:	0.000000	0.025533	0.000000	0.000042	0.974425
24	tsk_24	(x)	1	:	0.000000	0.072830	0.000000	0.000000	0.927170
25	tsk_25	(x)	1	:	0.000000	0.000030	0.000000	0.999970	0.000000
26	tsk_26	(x)	1	:	0.000000	0.026566	0.000000	0.000000	0.973434
27	tsk_27	(x)	1	:	0.000000	0.000000	0.000000	0.000000	1.000000
28	tsk_28	(x)	1	:	0.000000	0.010522	0.000000	0.000000	0.989478
29	tsk_29	(x)	1	:	0.000000	0.024378	0.000000	0.000042	0.975580
