logL = -56.843610 (converged)
AIC = 433.687220
BIC = 657.878801

count.K
2 10 0 5 13 

