logL = -48.927300 (converged)
AIC = 397.854600
BIC = 608.034208

count.K
4 6 7 10 3 

