logL = -33.677307 (converged)
AIC = 223.354614
BIC = 332.648010

count.K
9 5 16 

