0	tsk_0	(x)	1	:	0.000000	0.000000	0.000000	1.000000	0.000000	0.000000
1	tsk_1	(x)	1	:	0.000000	0.000000	0.250430	0.542869	0.000000	0.206701
2	tsk_2	(x)	1	:	0.000000	0.000000	0.000000	0.000000	1.000000	0.000000
3	tsk_3	(x)	1	:	0.000000	0.000000	0.000000	1.000000	0.000000	0.000000
4	tsk_4	(x)	1	:	0.000057	0.000000	0.000000	0.999943	0.000000	0.000000
5	tsk_5	(x)	1	:	0.000000	0.000000	0.000000	1.000000	0.000000	0.000000
6	tsk_6	(x)	1	:	0.000000	0.000000	0.256427	0.542869	0.000000	0.200703
7	tsk_7	(x)	1	:	0.000000	0.000000	0.000000	0.000000	1.000000	0.000000
8	tsk_8	(x)	1	:	0.000000	0.000000	0.124822	0.000000	0.478429	0.396749
9	tsk_9	(x)	1	:	0.000000	0.000000	0.362495	0.000000	0.478369	0.159136
10	tsk_10	(x)	1	:	0.000000	0.000000	0.512243	0.000000	0.000000	0.487757
11	tsk_11	(x)	1	:	0.000000	0.000000	0.774761	0.000000	0.000000	0.225239
12	tsk_12	(x)	1	:	0.000000	0.000000	0.721014	0.000000	0.000000	0.278986
13	tsk_13	(x)	1	:	0.000000	0.000000	0.701665	0.000000	0.000000	0.298335
14	tsk_14	(x)	1	:	0.000000	0.000000	0.854460	0.000000	0.000000	0.145540
15	tsk_15	(x)	1	:	0.000000	0.000000	0.620406	0.000000	0.000000	0.379594
16	tsk_16	(x)	1	:	0.000000	0.000000	0.949818	0.000000	0.000000	0.050182
17	tsk_17	(x)	1	:	0.000000	0.000000	0.684474	0.000000	0.000000	0.315526
18	tsk_18	(x)	1	:	0.000000	0.000000	0.611411	0.000000	0.000000	0.388589
19	tsk_19	(x)	1	:	0.000000	0.000000	0.911103	0.000000	0.000000	0.088897
20	tsk_20	(x)	1	:	0.814067	0.185933	0.000000	0.000000	0.000000	0.000000
21	tsk_21	(x)	1	:	0.000000	0.324395	0.000000	0.000000	0.675605	0.000000
22	tsk_22	(x)	1	:	0.000000	0.298341	0.000000	0.000000	0.701659	0.000000
23	tsk_23	(x)	1	:	0.999912	0.000000	0.000000	0.000084	0.000004	0.000000
24	tsk_24	(x)	1	:	0.000000	0.000000	0.000000	0.000000	1.000000	0.000000
25	tsk_25	(x)	1	:	0.000000	0.000000	0.000000	0.000000	1.000000	0.000000
26	tsk_26	(x)	1	:	0.000000	0.549549	0.000000	0.000000	0.450451	0.000000
27	tsk_27	(x)	1	:	0.999916	0.000000	0.000000	0.000080	0.000004	0.000000
28	tsk_28	(x)	1	:	0.000000	0.000000	0.000000	0.000000	1.000000	0.000000
29	tsk_29	(x)	1	:	0.000000	0.000000	0.000000	0.000000	1.000000	0.000000
