logL = -36.866317 (converged)
AIC = 145.732634
BIC = 196.175740

count.K
21 9 

