0	tsk_0	(x)	1	:	0.000000	0.000830	0.000000	0.994096	0.003782	0.001292
1	tsk_1	(x)	1	:	0.000000	0.080549	0.000000	0.000000	0.350745	0.568706
2	tsk_2	(x)	1	:	0.000000	0.218826	0.000000	0.000000	0.000000	0.781173
3	tsk_3	(x)	1	:	0.000000	0.000596	0.000000	0.993983	0.003900	0.001521
4	tsk_4	(x)	1	:	0.000000	0.147887	0.000000	0.000000	0.323872	0.528240
5	tsk_5	(x)	1	:	0.000000	0.000175	0.000000	0.995669	0.001559	0.002596
6	tsk_6	(x)	1	:	0.000000	1.000000	0.000000	0.000000	0.000000	0.000000
7	tsk_7	(x)	1	:	0.000000	0.257144	0.000000	0.000001	0.277664	0.465192
8	tsk_8	(x)	1	:	0.000000	0.000000	0.000000	0.000000	0.382486	0.617513
9	tsk_9	(x)	1	:	0.000000	0.150132	0.000000	0.000001	0.323453	0.526414
10	tsk_10	(x)	1	:	0.000000	0.154334	0.000000	0.000001	0.323837	0.521828
11	tsk_11	(x)	1	:	0.000000	0.000000	0.000000	0.000000	0.202401	0.797599
12	tsk_12	(x)	1	:	0.000000	0.063310	0.000000	0.000001	0.274261	0.662428
13	tsk_13	(x)	1	:	0.000000	0.205410	0.000000	0.000000	0.302671	0.491919
14	tsk_14	(x)	1	:	0.000000	0.069290	0.000000	0.000001	0.446967	0.483742
15	tsk_15	(x)	1	:	0.000000	0.135876	0.000000	0.000000	0.205811	0.658312
16	tsk_16	(x)	1	:	0.000000	0.492906	0.000000	0.000002	0.507092	0.000000
17	tsk_17	(x)	1	:	0.000000	0.000000	0.000000	0.000000	0.379980	0.620020
18	tsk_18	(x)	1	:	0.000000	0.000000	0.000000	0.000000	0.238390	0.761610
19	tsk_19	(x)	1	:	0.000000	0.117219	0.000000	0.000001	0.485271	0.397509
20	tsk_20	(x)	1	:	1.000000	0.000000	0.000000	0.000000	0.000000	0.000000
21	tsk_21	(x)	1	:	0.482511	0.030029	0.000000	0.000000	0.293606	0.193854
22	tsk_22	(x)	1	:	1.000000	0.000000	0.000000	0.000000	0.000000	0.000000
23	tsk_23	(x)	1	:	0.000000	0.492600	0.506970	0.000000	0.000430	0.000000
24	tsk_24	(x)	1	:	1.000000	0.000000	0.000000	0.000000	0.000000	0.000000
25	tsk_25	(x)	1	:	1.000000	0.000000	0.000000	0.000000	0.000000	0.000000
26	tsk_26	(x)	1	:	1.000000	0.000000	0.000000	0.000000	0.000000	0.000000
27	tsk_27	(x)	1	:	1.000000	0.000000	0.000000	0.000000	0.000000	0.000000
28	tsk_28	(x)	1	:	1.000000	0.000000	0.000000	0.000000	0.000000	0.000000
29	tsk_29	(x)	1	:	0.482511	0.079866	0.000000	0.000000	0.325367	0.112255
