logL = -245.189840 (converged)
AIC = 610.379680
BIC = 694.451523

count.K
15 15 

