logL = -19.887532 (converged)
AIC = 251.775064
BIC = 400.301987

count.K
8 16 2 4 

