logL = -111.175236 (converged)
AIC = 480.350472
BIC = 661.104934

count.K
18 0 12 

