logL = -112.445850 (converged)
AIC = 704.891699
BIC = 1041.179071

count.K
3 1 3 12 4 7 

