logL = -48.166589 (converged)
AIC = 588.333178
BIC = 933.027734

count.K
4 2 10 5 8 1 

