logL = -78.245432 (converged)
AIC = 244.490863
BIC = 306.143548

count.K
4 26 

