logL = -119.561801 (converged)
AIC = 331.123601
BIC = 395.578681

count.K
19 11 

