logL = -112.457137 (converged)
AIC = 422.914273
BIC = 561.632814

count.K
9 19 2 

