logL = -100.271247 (converged)
AIC = 296.542493
BIC = 363.799968

count.K
7 23 

