0	tsk_0	(x)	1	:	0.003837	0.000000	0.454640	0.000000	0.000000	0.541523
1	tsk_1	(x)	1	:	0.359466	0.000032	0.126908	0.000027	0.500291	0.013277
2	tsk_2	(x)	1	:	0.020210	0.000000	0.582473	0.000000	0.000000	0.397317
3	tsk_3	(x)	1	:	0.019403	0.000000	0.348185	0.000000	0.000000	0.632412
4	tsk_4	(x)	1	:	0.000000	0.000000	0.013946	0.000000	0.000000	0.986054
5	tsk_5	(x)	1	:	0.000326	0.000000	0.357836	0.000000	0.000000	0.641838
6	tsk_6	(x)	1	:	0.000996	0.000000	0.308712	0.000000	0.000000	0.690292
7	tsk_7	(x)	1	:	0.015056	0.000000	0.300175	0.000000	0.000000	0.684768
8	tsk_8	(x)	1	:	0.033241	0.000000	0.437894	0.000000	0.000000	0.528865
9	tsk_9	(x)	1	:	0.005316	0.000000	0.351263	0.000000	0.000000	0.643422
10	tsk_10	(x)	1	:	0.055458	0.000000	0.357964	0.000000	0.000000	0.586578
11	tsk_11	(x)	1	:	0.016234	0.000000	0.416350	0.000000	0.000000	0.567417
12	tsk_12	(x)	1	:	0.322116	0.000058	0.167112	0.000022	0.500258	0.010435
13	tsk_13	(x)	1	:	0.467442	0.000000	0.032149	0.000000	0.500409	0.000000
14	tsk_14	(x)	1	:	0.020341	0.000000	0.445125	0.000000	0.000000	0.534534
15	tsk_15	(x)	1	:	0.416650	0.000000	0.083209	0.000000	0.500141	0.000000
16	tsk_16	(x)	1	:	0.024392	0.000000	0.056935	0.000000	0.000000	0.918674
17	tsk_17	(x)	1	:	0.040299	0.000000	0.353516	0.000000	0.000000	0.606185
18	tsk_18	(x)	1	:	0.000000	0.358816	0.000000	0.641184	0.000000	0.000000
19	tsk_19	(x)	1	:	0.037839	0.000000	0.066963	0.000000	0.000000	0.895198
20	tsk_20	(x)	1	:	0.000000	0.734591	0.000000	0.265408	0.000000	0.000000
21	tsk_21	(x)	1	:	0.000000	0.168122	0.000000	0.831878	0.000000	0.000000
22	tsk_22	(x)	1	:	0.000000	0.195015	0.000000	0.804985	0.000000	0.000000
23	tsk_23	(x)	1	:	0.000000	0.426227	0.000000	0.573772	0.000000	0.000000
24	tsk_24	(x)	1	:	0.000000	0.313830	0.000000	0.686170	0.000000	0.000000
25	tsk_25	(x)	1	:	0.000000	0.552349	0.000000	0.447651	0.000000	0.000000
26	tsk_26	(x)	1	:	0.000000	0.151057	0.000000	0.848943	0.000000	0.000000
27	tsk_27	(x)	1	:	0.000000	0.353569	0.000000	0.646431	0.000000	0.000000
28	tsk_28	(x)	1	:	0.000000	0.502350	0.000000	0.497650	0.000000	0.000000
29	tsk_29	(x)	1	:	0.000000	0.288281	0.000000	0.711719	0.000000	0.000000
