logL = -124.805443 (converged)
AIC = 693.610886
BIC = 1004.676705

count.K
5 7 7 5 5 1 

