logL = -76.858504 (converged)
AIC = 493.717008
BIC = 731.920563

count.K
5 10 5 5 5 

