logL = -6.931499 (converged)
AIC = 469.862999
BIC = 789.336002

count.K
6 2 4 8 0 10 

