logL = -31.696363 (converged)
AIC = 423.392727
BIC = 675.608255

count.K
7 3 10 1 2 7 

