logL = -60.109710 (converged)
AIC = 460.219419
BIC = 698.422974

count.K
7 10 2 7 4 

