logL = -61.645454 (converged)
AIC = 285.290908
BIC = 398.787896

count.K
4 21 5 

