logL = -25.306661 (converged)
AIC = 320.613322
BIC = 509.774969

count.K
7 5 9 6 3 

