logL = -5.545180 (converged)
AIC = 207.090360
BIC = 344.407703

count.K
15 0 5 10 

