0	tsk_0	(x)	1	:	0.000000	0.581928	0.000000	0.000000	0.418072
1	tsk_1	(x)	1	:	0.000000	1.000000	0.000000	0.000000	0.000000
2	tsk_2	(x)	1	:	0.000000	0.488497	0.000000	0.000000	0.511503
3	tsk_3	(x)	1	:	0.000000	0.488497	0.000000	0.000000	0.511503
4	tsk_4	(x)	1	:	0.000000	1.000000	0.000000	0.000000	0.000000
5	tsk_5	(x)	1	:	0.000000	0.896834	0.000000	0.000000	0.103166
6	tsk_6	(x)	1	:	0.000000	1.000000	0.000000	0.000000	0.000000
7	tsk_7	(x)	1	:	0.000000	1.000000	0.000000	0.000000	0.000000
8	tsk_8	(x)	1	:	0.000000	0.492760	0.000000	0.000000	0.507240
9	tsk_9	(x)	1	:	0.000000	1.000000	0.000000	0.000000	0.000000
10	tsk_10	(x)	1	:	0.000063	0.420233	0.000024	0.579680	0.000000
11	tsk_11	(x)	1	:	0.000004	0.999904	0.000021	0.000072	0.000000
12	tsk_12	(x)	1	:	0.000007	0.000000	0.000000	0.541010	0.458983
13	tsk_13	(x)	1	:	0.000012	0.420246	0.000023	0.579719	0.000000
14	tsk_14	(x)	1	:	0.000069	0.420234	0.000014	0.579683	0.000000
15	tsk_15	(x)	1	:	0.000215	0.000000	0.499746	0.500039	0.000000
16	tsk_16	(x)	1	:	0.000000	0.999980	0.000000	0.000020	0.000000
17	tsk_17	(x)	1	:	0.000000	0.420251	0.579733	0.000016	0.000000
18	tsk_18	(x)	1	:	0.000000	0.000000	0.000000	1.000000	0.000000
19	tsk_19	(x)	1	:	0.000123	0.000000	0.499855	0.500022	0.000000
20	tsk_20	(x)	1	:	0.000000	0.000000	1.000000	0.000000	0.000000
21	tsk_21	(x)	1	:	0.000000	0.000000	1.000000	0.000000	0.000000
22	tsk_22	(x)	1	:	0.000471	0.000000	0.999529	0.000000	0.000000
23	tsk_23	(x)	1	:	0.000000	0.000000	1.000000	0.000000	0.000000
24	tsk_24	(x)	1	:	0.967350	0.000000	0.032650	0.000000	0.000000
25	tsk_25	(x)	1	:	0.943745	0.000000	0.056255	0.000000	0.000000
26	tsk_26	(x)	1	:	0.000044	0.000000	0.499949	0.500007	0.000000
27	tsk_27	(x)	1	:	0.000009	0.000000	0.999991	0.000000	0.000000
28	tsk_28	(x)	1	:	0.000251	0.000000	0.499703	0.500046	0.000000
29	tsk_29	(x)	1	:	0.000000	0.000000	1.000000	0.000000	0.000000
