logL = -39.633488 (converged)
AIC = 315.266977
BIC = 480.608268

count.K
19 3 6 2 

