logL = -125.229606 (converged)
AIC = 620.459212
BIC = 879.680727

count.K
1 4 2 4 19 

