logL = -66.461393 (converged)
AIC = 472.922787
BIC = 711.126341

count.K
7 9 4 2 8 

