logL = -79.698766 (converged)
AIC = 247.397533
BIC = 309.050217

count.K
8 22 

