logL = -46.878990 (converged)
AIC = 291.757980
BIC = 430.476521

count.K
6 7 17 

