logL = -39.659575 (converged)
AIC = 439.319149
BIC = 691.534678

count.K
11 3 2 9 5 

