logL = -75.746748 (converged)
AIC = 319.493496
BIC = 437.194076

count.K
8 12 10 

