logL = -35.034399 (converged)
AIC = 208.068799
BIC = 304.751418

count.K
2 10 18 

