logL = -96.476189 (converged)
AIC = 660.952379
BIC = 988.832566

count.K
11 1 6 10 0 2 

