logL = -266.169156 (converged)
AIC = 802.338311
BIC = 991.499958

count.K
3 11 16 

