logL = -129.265777 (converged)
AIC = 630.531554
BIC = 891.154267

count.K
8 10 5 7 

