0	tsk_0	(x)	1	:	0.000000	0.000000	0.000000	0.505360	0.094208	0.400432
1	tsk_1	(x)	1	:	0.000000	0.000000	0.000000	0.375175	0.000736	0.624089
2	tsk_2	(x)	1	:	0.000000	0.000000	0.000000	0.628041	0.042622	0.329337
3	tsk_3	(x)	1	:	0.000000	0.000000	0.000000	0.637663	0.033114	0.329222
4	tsk_4	(x)	1	:	0.000000	0.000000	0.000000	0.761923	0.000000	0.238077
5	tsk_5	(x)	1	:	0.000000	0.000000	0.000000	0.550029	0.000000	0.449971
6	tsk_6	(x)	1	:	0.000000	0.000000	0.000000	0.523508	0.087402	0.389090
7	tsk_7	(x)	1	:	0.000000	0.000000	0.000000	0.599625	0.026552	0.373823
8	tsk_8	(x)	1	:	0.000000	0.000000	0.000000	0.498307	0.046408	0.455285
9	tsk_9	(x)	1	:	0.000000	0.000000	0.000000	0.485411	0.030780	0.483810
10	tsk_10	(x)	1	:	0.013827	0.000015	0.488102	0.179743	0.188855	0.129457
11	tsk_11	(x)	1	:	0.499921	0.000000	0.500079	0.000000	0.000000	0.000000
12	tsk_12	(x)	1	:	0.000000	0.000000	1.000000	0.000000	0.000000	0.000000
13	tsk_13	(x)	1	:	0.000000	0.000000	0.000000	0.395779	0.038307	0.565914
14	tsk_14	(x)	1	:	0.500189	0.000000	0.499811	0.000000	0.000000	0.000000
15	tsk_15	(x)	1	:	0.021175	0.000047	0.481731	0.152355	0.202326	0.142367
16	tsk_16	(x)	1	:	0.500033	0.000000	0.499967	0.000000	0.000000	0.000000
17	tsk_17	(x)	1	:	0.000000	0.000018	0.499987	0.202072	0.160466	0.137456
18	tsk_18	(x)	1	:	0.500198	0.000000	0.499802	0.000000	0.000000	0.000000
19	tsk_19	(x)	1	:	0.500004	0.000000	0.000000	0.298668	0.041627	0.159701
20	tsk_20	(x)	1	:	1.000000	0.000000	0.000000	0.000000	0.000000	0.000000
21	tsk_21	(x)	1	:	1.000000	0.000000	0.000000	0.000000	0.000000	0.000000
22	tsk_22	(x)	1	:	1.000000	0.000000	0.000000	0.000000	0.000000	0.000000
23	tsk_23	(x)	1	:	1.000000	0.000000	0.000000	0.000000	0.000000	0.000000
24	tsk_24	(x)	1	:	1.000000	0.000000	0.000000	0.000000	0.000000	0.000000
25	tsk_25	(x)	1	:	1.000000	0.000000	0.000000	0.000000	0.000000	0.000000
26	tsk_26	(x)	1	:	1.000000	0.000000	0.000000	0.000000	0.000000	0.000000
27	tsk_27	(x)	1	:	1.000000	0.000000	0.000000	0.000000	0.000000	0.000000
28	tsk_28	(x)	1	:	1.000000	0.000000	0.000000	0.000000	0.000000	0.000000
29	tsk_29	(x)	1	:	0.190483	0.809382	0.000134	0.000000	0.000000	0.000000
