logL = -31.179312 (converged)
AIC = 306.358624
BIC = 477.304704

count.K
20 2 2 6 

