logL = -2.772591 (converged)
AIC = 137.545182
BIC = 230.024210

count.K
1 21 8 

