logL = -146.241040 (converged)
AIC = 642.482080
BIC = 887.691622

count.K
9 2 6 2 11 

