logL = -42.592893 (converged)
AIC = 469.185787
BIC = 738.215684

count.K
2 1 7 12 7 1 

