0	tsk_0	(x)	1	:	0.000000	0.500024	0.499976
1	tsk_1	(x)	1	:	0.000000	0.500003	0.499997
2	tsk_2	(x)	1	:	0.000000	0.000007	0.999993
3	tsk_3	(x)	1	:	0.000000	0.500008	0.499992
4	tsk_4	(x)	1	:	0.000000	0.499994	0.500006
5	tsk_5	(x)	1	:	0.000000	0.000007	0.999993
6	tsk_6	(x)	1	:	0.000000	0.499968	0.500032
7	tsk_7	(x)	1	:	0.000000	0.000006	0.999994
8	tsk_8	(x)	1	:	0.000000	0.499996	0.500004
9	tsk_9	(x)	1	:	0.000000	0.000011	0.999989
10	tsk_10	(x)	1	:	0.000000	1.000000	0.000000
11	tsk_11	(x)	1	:	0.000000	0.499985	0.500015
12	tsk_12	(x)	1	:	0.483488	0.025265	0.491247
13	tsk_13	(x)	1	:	0.000000	0.000012	0.999988
14	tsk_14	(x)	1	:	0.000000	0.500007	0.499993
15	tsk_15	(x)	1	:	0.000000	0.500004	0.499996
16	tsk_16	(x)	1	:	0.000000	0.500009	0.499991
17	tsk_17	(x)	1	:	0.000000	0.999979	0.000021
18	tsk_18	(x)	1	:	0.000000	0.999969	0.000031
19	tsk_19	(x)	1	:	0.000000	0.499996	0.500004
20	tsk_20	(x)	1	:	1.000000	0.000000	0.000000
21	tsk_21	(x)	1	:	1.000000	0.000000	0.000000
22	tsk_22	(x)	1	:	1.000000	0.000000	0.000000
23	tsk_23	(x)	1	:	0.999999	0.000000	0.000001
24	tsk_24	(x)	1	:	1.000000	0.000000	0.000000
25	tsk_25	(x)	1	:	1.000000	0.000000	0.000000
26	tsk_26	(x)	1	:	0.999999	0.000000	0.000000
27	tsk_27	(x)	1	:	0.561646	0.438354	0.000000
28	tsk_28	(x)	1	:	0.486313	0.513687	0.000000
29	tsk_29	(x)	1	:	1.000000	0.000000	0.000000
