logL = -134.842394 (converged)
AIC = 545.684788
BIC = 739.050026

count.K
10 1 15 4 

