0	tsk_0	(x)	1	:	0.000000	0.000000	0.009823	0.500273	0.348263	0.141642
1	tsk_1	(x)	1	:	0.000000	0.000000	0.162777	0.000000	0.353464	0.483759
2	tsk_2	(x)	1	:	0.000000	0.000000	0.028663	0.500279	0.287235	0.183823
3	tsk_3	(x)	1	:	0.000000	0.000000	0.161734	0.000000	0.501120	0.337146
4	tsk_4	(x)	1	:	0.000000	0.000000	0.234590	0.000000	0.321153	0.444257
5	tsk_5	(x)	1	:	0.000000	0.000000	0.136832	0.500271	0.224014	0.138884
6	tsk_6	(x)	1	:	0.000000	0.000000	0.000000	0.999999	0.000001	0.000000
7	tsk_7	(x)	1	:	0.000000	0.000000	0.059843	0.000000	0.399224	0.540933
8	tsk_8	(x)	1	:	0.000000	0.000000	0.018151	0.500275	0.231390	0.250185
9	tsk_9	(x)	1	:	0.000000	0.000000	0.017630	0.500275	0.208424	0.273671
10	tsk_10	(x)	1	:	0.000000	0.000000	0.097201	0.000000	0.676401	0.226398
11	tsk_11	(x)	1	:	0.000000	0.000000	0.013296	0.000000	0.468172	0.518532
12	tsk_12	(x)	1	:	0.000000	0.000000	0.198453	0.000000	0.604274	0.197273
13	tsk_13	(x)	1	:	0.000000	0.000000	0.058654	0.000000	0.402430	0.538916
14	tsk_14	(x)	1	:	0.000000	0.000000	0.128087	0.000000	0.603912	0.268001
15	tsk_15	(x)	1	:	0.000000	0.000000	0.042158	0.000000	0.639478	0.318363
16	tsk_16	(x)	1	:	0.000000	0.000000	0.238441	0.000000	0.576361	0.185198
17	tsk_17	(x)	1	:	0.000000	0.000000	0.075991	0.000000	0.487193	0.436816
18	tsk_18	(x)	1	:	0.000000	0.000000	0.188042	0.000000	0.613999	0.197958
19	tsk_19	(x)	1	:	0.000000	0.000000	0.112195	0.000000	0.374346	0.513459
20	tsk_20	(x)	1	:	0.497636	0.502364	0.000000	0.000000	0.000000	0.000000
21	tsk_21	(x)	1	:	1.000000	0.000000	0.000000	0.000000	0.000000	0.000000
22	tsk_22	(x)	1	:	0.000000	1.000000	0.000000	0.000000	0.000000	0.000000
23	tsk_23	(x)	1	:	0.497636	0.502364	0.000000	0.000000	0.000000	0.000000
24	tsk_24	(x)	1	:	0.324590	0.675410	0.000000	0.000000	0.000000	0.000000
25	tsk_25	(x)	1	:	0.497644	0.502356	0.000000	0.000000	0.000000	0.000000
26	tsk_26	(x)	1	:	0.497643	0.502357	0.000000	0.000000	0.000000	0.000000
27	tsk_27	(x)	1	:	0.000001	0.999999	0.000000	0.000000	0.000000	0.000000
28	tsk_28	(x)	1	:	1.000000	0.000000	0.000000	0.000000	0.000000	0.000000
29	tsk_29	(x)	1	:	0.497629	0.502371	0.000000	0.000000	0.000000	0.000000
