logL = -133.375056 (converged)
AIC = 452.750112
BIC = 583.061468

count.K
9 7 14 

