logL = -69.235038 (converged)
AIC = 448.470076
BIC = 665.655670

count.K
4 9 3 14 0 

