logL = -26.524057 (converged)
AIC = 273.048114
BIC = 427.179826

count.K
9 11 4 6 

