0	tsk_0	(x)	1	:	0.000193	0.000000	0.444533	0.000000	0.555274	0.000000
1	tsk_1	(x)	1	:	0.000000	0.000000	1.000000	0.000000	0.000000	0.000000
2	tsk_2	(x)	1	:	0.008701	0.000000	0.480193	0.000000	0.511106	0.000000
3	tsk_3	(x)	1	:	0.001975	0.000000	0.527860	0.000000	0.470166	0.000000
4	tsk_4	(x)	1	:	0.000000	0.291047	0.492236	0.216717	0.000000	0.000000
5	tsk_5	(x)	1	:	0.008709	0.000000	0.480191	0.000000	0.511100	0.000000
6	tsk_6	(x)	1	:	0.000000	0.000000	1.000000	0.000000	0.000000	0.000000
7	tsk_7	(x)	1	:	0.000000	0.000000	0.000000	0.000000	1.000000	0.000000
8	tsk_8	(x)	1	:	0.000000	0.000000	1.000000	0.000000	0.000000	0.000000
9	tsk_9	(x)	1	:	0.008689	0.000000	0.480197	0.000000	0.511114	0.000000
10	tsk_10	(x)	1	:	0.000000	0.773857	0.000000	0.226143	0.000000	0.000000
11	tsk_11	(x)	1	:	0.002042	0.107987	0.000000	0.393021	0.496950	0.000000
12	tsk_12	(x)	1	:	0.002183	0.139924	0.000000	0.361069	0.496823	0.000000
13	tsk_13	(x)	1	:	0.495715	0.109873	0.000000	0.394411	0.000000	0.000000
14	tsk_14	(x)	1	:	0.000000	0.872535	0.000000	0.127465	0.000000	0.000000
15	tsk_15	(x)	1	:	0.594802	0.000000	0.000000	0.000000	0.405198	0.000000
16	tsk_16	(x)	1	:	0.495715	0.178013	0.000000	0.326272	0.000000	0.000000
17	tsk_17	(x)	1	:	0.001618	0.095215	0.000000	0.405835	0.497333	0.000000
18	tsk_18	(x)	1	:	0.495715	0.172887	0.000000	0.331398	0.000000	0.000000
19	tsk_19	(x)	1	:	0.002305	0.123266	0.000000	0.377722	0.496707	0.000000
20	tsk_20	(x)	1	:	0.000000	0.010487	0.000000	0.001330	0.000000	0.988184
21	tsk_21	(x)	1	:	0.000000	0.829865	0.000000	0.170135	0.000000	0.000000
22	tsk_22	(x)	1	:	0.000000	0.854409	0.000000	0.145591	0.000000	0.000000
23	tsk_23	(x)	1	:	0.000000	0.904432	0.000000	0.095568	0.000000	0.000000
24	tsk_24	(x)	1	:	0.000000	0.751646	0.000000	0.248354	0.000000	0.000000
25	tsk_25	(x)	1	:	0.000000	0.955756	0.000000	0.044244	0.000000	0.000000
26	tsk_26	(x)	1	:	0.000000	0.928687	0.000000	0.071313	0.000000	0.000000
27	tsk_27	(x)	1	:	0.000000	0.833116	0.000000	0.166884	0.000000	0.000000
28	tsk_28	(x)	1	:	0.000000	0.808922	0.000000	0.191078	0.000000	0.000000
29	tsk_29	(x)	1	:	0.000000	0.876005	0.000000	0.123995	0.000000	0.000000
