logL = -90.954687 (converged)
AIC = 281.909374
BIC = 351.969243

count.K
20 10 

