logL = -56.838714 (converged)
AIC = 533.677428
BIC = 827.928878

count.K
12 5 4 2 2 5 

