0	tsk_0	(x)	1	:	0.136049	0.000000	0.863951
1	tsk_1	(x)	1	:	0.132252	0.000000	0.867748
2	tsk_2	(x)	1	:	0.174922	0.000000	0.825078
3	tsk_3	(x)	1	:	0.119006	0.000000	0.880994
4	tsk_4	(x)	1	:	0.175118	0.000000	0.824882
5	tsk_5	(x)	1	:	0.205337	0.000000	0.794663
6	tsk_6	(x)	1	:	0.175004	0.000000	0.824996
7	tsk_7	(x)	1	:	0.146873	0.000000	0.853127
8	tsk_8	(x)	1	:	0.175004	0.000000	0.824996
9	tsk_9	(x)	1	:	0.147215	0.000000	0.852785
10	tsk_10	(x)	1	:	0.060461	0.000000	0.939539
11	tsk_11	(x)	1	:	0.043572	0.000000	0.956428
12	tsk_12	(x)	1	:	0.131668	0.000000	0.868332
13	tsk_13	(x)	1	:	0.175118	0.000000	0.824882
14	tsk_14	(x)	1	:	0.426693	0.342024	0.231282
15	tsk_15	(x)	1	:	0.141147	0.000000	0.858853
16	tsk_16	(x)	1	:	0.200003	0.000000	0.799997
17	tsk_17	(x)	1	:	0.140862	0.000000	0.859138
18	tsk_18	(x)	1	:	0.141042	0.000000	0.858958
19	tsk_19	(x)	1	:	0.272076	0.000000	0.727924
20	tsk_20	(x)	1	:	0.191316	0.601629	0.207056
21	tsk_21	(x)	1	:	0.051231	0.550329	0.398441
22	tsk_22	(x)	1	:	0.468514	0.452994	0.078492
23	tsk_23	(x)	1	:	0.372532	0.526817	0.100651
24	tsk_24	(x)	1	:	0.081499	0.100030	0.818471
25	tsk_25	(x)	1	:	0.447199	0.526817	0.025983
26	tsk_26	(x)	1	:	0.209612	0.494350	0.296038
27	tsk_27	(x)	1	:	0.495651	0.452994	0.051356
28	tsk_28	(x)	1	:	0.000000	1.000000	0.000000
29	tsk_29	(x)	1	:	0.000000	1.000000	0.000000
