logL = -62.840605 (converged)
AIC = 465.681210
BIC = 703.884765

count.K
8 9 3 9 1 

