logL = -183.342862 (converged)
AIC = 570.685725
BIC = 713.607858

count.K
10 1 19 

