0	tsk_0	(x)	1	:	0.000000	1.000000	0.000000	0.000000	0.000000	0.000000
1	tsk_1	(x)	1	:	0.116386	0.446497	0.000000	0.000000	0.319824	0.117293
2	tsk_2	(x)	1	:	0.000000	0.397122	0.602878	0.000000	0.000000	0.000000
3	tsk_3	(x)	1	:	0.193400	0.446496	0.000000	0.010079	0.153276	0.196749
4	tsk_4	(x)	1	:	0.000001	0.624434	0.375563	0.000000	0.000000	0.000002
5	tsk_5	(x)	1	:	0.000000	0.446498	0.000000	0.006725	0.350334	0.196444
6	tsk_6	(x)	1	:	0.000000	0.999969	0.000000	0.000031	0.000000	0.000000
7	tsk_7	(x)	1	:	0.661800	0.000000	0.000000	0.338200	0.000000	0.000000
8	tsk_8	(x)	1	:	0.000000	1.000000	0.000000	0.000000	0.000000	0.000000
9	tsk_9	(x)	1	:	0.000000	1.000000	0.000000	0.000000	0.000000	0.000000
10	tsk_10	(x)	1	:	0.148186	0.000000	0.000000	0.095573	0.433153	0.323088
11	tsk_11	(x)	1	:	0.000000	0.000000	0.000000	0.011208	0.571897	0.416896
12	tsk_12	(x)	1	:	0.000000	0.446497	0.000000	0.101630	0.122707	0.329166
13	tsk_13	(x)	1	:	0.118278	0.000000	0.000000	0.041785	0.332003	0.507934
14	tsk_14	(x)	1	:	0.135946	0.000000	0.000000	0.049022	0.380753	0.434278
15	tsk_15	(x)	1	:	0.202259	0.000000	0.000000	0.084054	0.275606	0.438081
16	tsk_16	(x)	1	:	0.000000	0.000000	0.000000	0.000000	0.868487	0.131513
17	tsk_17	(x)	1	:	0.160008	0.000000	0.000000	0.059648	0.445420	0.334923
18	tsk_18	(x)	1	:	0.139904	0.000000	0.000000	0.000000	0.401792	0.458303
19	tsk_19	(x)	1	:	0.367897	0.000000	0.000000	0.265102	0.000000	0.367000
20	tsk_20	(x)	1	:	0.000000	0.000000	0.000000	0.000000	0.867942	0.132058
21	tsk_21	(x)	1	:	0.565685	0.000000	0.000000	0.064715	0.000000	0.369600
22	tsk_22	(x)	1	:	0.104607	0.000000	0.000000	0.000000	0.515322	0.380071
23	tsk_23	(x)	1	:	0.241189	0.000000	0.000000	0.187545	0.331301	0.239964
24	tsk_24	(x)	1	:	0.126807	0.000000	0.000000	0.013377	0.580075	0.279741
25	tsk_25	(x)	1	:	0.448514	0.000000	0.000000	0.019960	0.391382	0.140144
26	tsk_26	(x)	1	:	0.601702	0.000000	0.000000	0.012831	0.227638	0.157829
27	tsk_27	(x)	1	:	0.163353	0.000000	0.000000	0.063305	0.224469	0.548873
28	tsk_28	(x)	1	:	0.000000	0.000000	0.000000	0.053155	0.634358	0.312487
29	tsk_29	(x)	1	:	0.955768	0.000000	0.000000	0.044232	0.000000	0.000000
