logL = -84.621666 (converged)
AIC = 579.243333
BIC = 866.488796

count.K
11 6 8 1 4 

