logL = -164.491502 (converged)
AIC = 718.983005
BIC = 992.216494

count.K
2 10 4 11 3 

