logL = -61.891329 (converged)
AIC = 567.782658
BIC = 878.848477

count.K
6 2 9 1 2 10 

