logL = -64.042087 (converged)
AIC = 388.084174
BIC = 570.239834

count.K
9 9 0 12 

