0	tsk_0	(x)	1	:	0.447588	0.000000	0.552412	0.000000	0.000000
1	tsk_1	(x)	1	:	0.289551	0.000000	0.710449	0.000000	0.000000
2	tsk_2	(x)	1	:	0.000000	0.000000	1.000000	0.000000	0.000000
3	tsk_3	(x)	1	:	0.620793	0.000000	0.379207	0.000000	0.000000
4	tsk_4	(x)	1	:	0.513586	0.000000	0.486414	0.000000	0.000000
5	tsk_5	(x)	1	:	0.209045	0.000000	0.790955	0.000000	0.000000
6	tsk_6	(x)	1	:	0.000000	0.999997	0.000000	0.000001	0.000003
7	tsk_7	(x)	1	:	0.622033	0.000000	0.377967	0.000000	0.000000
8	tsk_8	(x)	1	:	0.063643	0.554334	0.382023	0.000000	0.000000
9	tsk_9	(x)	1	:	1.000000	0.000000	0.000000	0.000000	0.000000
10	tsk_10	(x)	1	:	0.000000	0.674008	0.000000	0.000000	0.325991
11	tsk_11	(x)	1	:	0.000000	0.000000	0.000000	0.405138	0.594862
12	tsk_12	(x)	1	:	0.000000	0.000000	0.000000	0.000000	1.000000
13	tsk_13	(x)	1	:	0.000000	0.000000	0.000000	0.000000	1.000000
14	tsk_14	(x)	1	:	0.000000	0.000000	0.000000	0.405127	0.594873
15	tsk_15	(x)	1	:	0.365577	0.000000	0.133260	0.000000	0.501162
16	tsk_16	(x)	1	:	0.000000	0.000000	0.000000	0.405139	0.594861
17	tsk_17	(x)	1	:	0.000000	0.000000	0.000000	0.000000	1.000000
18	tsk_18	(x)	1	:	0.000000	0.000000	0.000000	0.405138	0.594862
19	tsk_19	(x)	1	:	0.150913	0.000000	0.347928	0.000000	0.501159
20	tsk_20	(x)	1	:	0.000000	0.000000	0.000000	1.000000	0.000000
21	tsk_21	(x)	1	:	0.000000	0.000000	0.000000	0.999981	0.000019
22	tsk_22	(x)	1	:	0.000000	0.000000	0.000000	0.000000	1.000000
23	tsk_23	(x)	1	:	0.000000	0.000000	0.000000	1.000000	0.000000
24	tsk_24	(x)	1	:	0.000000	0.000000	0.000000	0.405139	0.594861
25	tsk_25	(x)	1	:	0.000000	0.000000	0.000000	1.000000	0.000000
26	tsk_26	(x)	1	:	0.000000	0.000000	0.000000	1.000000	0.000000
27	tsk_27	(x)	1	:	0.000000	0.521645	0.000000	0.407287	0.071068
28	tsk_28	(x)	1	:	0.000000	0.000000	0.000000	1.000000	0.000000
29	tsk_29	(x)	1	:	0.000000	0.000000	0.000000	0.999981	0.000018
