logL = -16.490849 (converged)
AIC = 312.981698
BIC = 509.149332

count.K
4 16 0 4 6 

