logL = -44.659670 (converged)
AIC = 333.319340
BIC = 504.265421

count.K
9 4 14 3 

