0	tsk_0	(x)	1	:	0.000000	0.515481	0.000079	0.000000	0.000000	0.484440
1	tsk_1	(x)	1	:	0.000000	0.500413	0.499587	0.000000	0.000000	0.000000
2	tsk_2	(x)	1	:	0.000000	0.500097	0.499903	0.000000	0.000000	0.000000
3	tsk_3	(x)	1	:	0.000000	0.515345	0.000349	0.000000	0.000000	0.484305
4	tsk_4	(x)	1	:	0.000000	1.000000	0.000000	0.000000	0.000000	0.000000
5	tsk_5	(x)	1	:	0.000000	0.515474	0.000093	0.000000	0.000000	0.484433
6	tsk_6	(x)	1	:	0.000000	0.000000	0.000000	0.000000	0.000000	1.000000
7	tsk_7	(x)	1	:	0.000000	0.515397	0.000246	0.000000	0.000000	0.484357
8	tsk_8	(x)	1	:	0.000000	0.000000	0.533792	0.000000	0.000000	0.466208
9	tsk_9	(x)	1	:	0.000000	0.000000	0.000000	0.000000	0.000000	1.000000
10	tsk_10	(x)	1	:	0.416670	0.000000	0.000000	0.119209	0.464121	0.000000
11	tsk_11	(x)	1	:	0.353913	0.000000	0.000000	0.189077	0.457010	0.000000
12	tsk_12	(x)	1	:	0.180511	0.000000	0.500020	0.319468	0.000000	0.000000
13	tsk_13	(x)	1	:	0.000000	1.000000	0.000000	0.000000	0.000000	0.000000
14	tsk_14	(x)	1	:	0.000000	0.501019	0.023880	0.000000	0.475101	0.000000
15	tsk_15	(x)	1	:	0.499963	0.000000	0.500037	0.000000	0.000000	0.000000
16	tsk_16	(x)	1	:	0.000000	0.000000	0.525076	0.000000	0.474924	0.000000
17	tsk_17	(x)	1	:	0.000000	0.000000	0.000000	0.000000	1.000000	0.000000
18	tsk_18	(x)	1	:	0.450489	0.499206	0.000988	0.049317	0.000000	0.000000
19	tsk_19	(x)	1	:	0.000000	0.495741	0.025932	0.000000	0.478326	0.000000
20	tsk_20	(x)	1	:	0.345268	0.000000	0.000000	0.085966	0.568766	0.000000
21	tsk_21	(x)	1	:	0.380869	0.000000	0.000000	0.050365	0.568766	0.000000
22	tsk_22	(x)	1	:	0.664422	0.000000	0.000000	0.335578	0.000000	0.000000
23	tsk_23	(x)	1	:	0.700990	0.000000	0.000000	0.299010	0.000000	0.000000
24	tsk_24	(x)	1	:	0.400538	0.000000	0.000000	0.030696	0.568766	0.000000
25	tsk_25	(x)	1	:	0.270315	0.000000	0.000000	0.729685	0.000000	0.000000
26	tsk_26	(x)	1	:	0.653629	0.000000	0.000000	0.346371	0.000000	0.000000
27	tsk_27	(x)	1	:	0.728395	0.000000	0.000000	0.271605	0.000000	0.000000
28	tsk_28	(x)	1	:	0.239174	0.000000	0.000000	0.192059	0.568766	0.000000
29	tsk_29	(x)	1	:	0.319917	0.000000	0.000000	0.111316	0.568766	0.000000
