logL = -13.862949 (converged)
AIC = 159.725899
BIC = 252.204926

count.K
1 7 22 

