logL = -54.061894 (converged)
AIC = 270.123787
BIC = 383.620775

count.K
10 10 10 

