logL = -20.116576 (converged)
AIC = 250.233151
BIC = 397.358876

count.K
16 4 10 

