logL = -62.678819 (converged)
AIC = 533.357638
BIC = 819.201904

count.K
9 9 7 1 1 3 

