logL = -71.494846 (converged)
AIC = 316.989693
BIC = 438.893865

count.K
14 14 2 

