0	tsk_0	(x)	1	:	0.000000	0.832693	0.167307	0.000000	0.000000
1	tsk_1	(x)	1	:	0.000000	0.929009	0.070991	0.000000	0.000000
2	tsk_2	(x)	1	:	0.000000	0.000000	1.000000	0.000000	0.000000
3	tsk_3	(x)	1	:	0.000000	0.887666	0.112334	0.000000	0.000000
4	tsk_4	(x)	1	:	0.000000	0.973145	0.026855	0.000000	0.000000
5	tsk_5	(x)	1	:	0.000000	0.877509	0.122490	0.000000	0.000000
6	tsk_6	(x)	1	:	0.000000	0.572661	0.427339	0.000000	0.000000
7	tsk_7	(x)	1	:	0.000000	0.830929	0.169071	0.000000	0.000000
8	tsk_8	(x)	1	:	0.000000	0.845832	0.154168	0.000000	0.000000
9	tsk_9	(x)	1	:	0.000000	0.931845	0.068155	0.000000	0.000000
10	tsk_10	(x)	1	:	0.000000	0.000000	0.000000	0.000000	1.000000
11	tsk_11	(x)	1	:	0.000000	0.884739	0.115261	0.000000	0.000000
12	tsk_12	(x)	1	:	0.417238	0.000000	0.000000	0.000000	0.582762
13	tsk_13	(x)	1	:	1.000000	0.000000	0.000000	0.000000	0.000000
14	tsk_14	(x)	1	:	1.000000	0.000000	0.000000	0.000000	0.000000
15	tsk_15	(x)	1	:	1.000000	0.000000	0.000000	0.000000	0.000000
16	tsk_16	(x)	1	:	0.000000	0.000000	0.000000	1.000000	0.000000
17	tsk_17	(x)	1	:	0.417238	0.000000	0.000000	0.000000	0.582762
18	tsk_18	(x)	1	:	1.000000	0.000000	0.000000	0.000000	0.000000
19	tsk_19	(x)	1	:	0.417238	0.000000	0.000000	0.000000	0.582762
20	tsk_20	(x)	1	:	0.210999	0.000000	0.000081	0.012887	0.776033
21	tsk_21	(x)	1	:	0.500000	0.000000	0.000000	0.499983	0.000017
22	tsk_22	(x)	1	:	0.713996	0.000000	0.000000	0.000000	0.286004
23	tsk_23	(x)	1	:	0.000000	0.500000	0.000000	0.500000	0.000000
24	tsk_24	(x)	1	:	0.000000	0.500000	0.000000	0.500000	0.000000
25	tsk_25	(x)	1	:	0.500000	0.000000	0.000000	0.499905	0.000095
26	tsk_26	(x)	1	:	0.000000	0.000000	0.000000	1.000000	0.000000
27	tsk_27	(x)	1	:	0.210820	0.000111	0.000128	0.009414	0.779528
28	tsk_28	(x)	1	:	0.500000	0.000000	0.000000	0.499896	0.000103
29	tsk_29	(x)	1	:	1.000000	0.000000	0.000000	0.000000	0.000000
