logL = -37.453109 (converged)
AIC = 294.906219
BIC = 449.037931

count.K
8 8 11 3 

