logL = -148.374072 (converged)
AIC = 396.748145
BIC = 466.808014

count.K
21 9 

