logL = -37.569856 (converged)
AIC = 151.139712
BIC = 204.385212

count.K
27 3 

