logL = -45.246291 (converged)
AIC = 430.492581
BIC = 668.696136

count.K
2 13 9 1 5 

