logL = -99.305539 (converged)
AIC = 562.611078
BIC = 817.629002

count.K
19 2 2 7 

