logL = -40.865443 (converged)
AIC = 381.730885
BIC = 591.910492

count.K
2 6 7 12 3 

