logL = -52.699624 (converged)
AIC = 465.399247
BIC = 717.614776

count.K
7 1 7 8 4 3 

