logL = -29.004748 (converged)
AIC = 196.009496
BIC = 292.692115

count.K
7 11 12 

