logL = -118.527936 (converged)
AIC = 537.055873
BIC = 747.235480

count.K
7 15 4 4 

