logL = -49.652938 (converged)
AIC = 449.305877
BIC = 694.515418

count.K
1 4 9 13 3 

