logL = -64.042102 (converged)
AIC = 308.084205
BIC = 434.191969

count.K
3 18 9 

