logL = -29.527616 (converged)
AIC = 279.055232
BIC = 433.186944

count.K
10 5 7 8 

