logL = -72.095980 (converged)
AIC = 514.191960
BIC = 773.413476

count.K
13 8 3 1 5 

