0	tsk_0	(x)	1	:	0.000000	0.820723	0.000000	0.179277	0.000000	0.000000
1	tsk_1	(x)	1	:	0.000000	0.819774	0.000002	0.180224	0.000000	0.000000
2	tsk_2	(x)	1	:	0.000000	0.000000	0.000004	0.999996	0.000000	0.000000
3	tsk_3	(x)	1	:	0.000000	0.999997	0.000003	0.000000	0.000000	0.000000
4	tsk_4	(x)	1	:	0.000000	0.751272	0.000000	0.248728	0.000000	0.000000
5	tsk_5	(x)	1	:	0.000000	0.435146	0.000003	0.564851	0.000000	0.000000
6	tsk_6	(x)	1	:	0.000000	0.595397	0.000003	0.404600	0.000000	0.000000
7	tsk_7	(x)	1	:	0.000000	0.434749	0.000003	0.565248	0.000000	0.000000
8	tsk_8	(x)	1	:	0.000000	0.427355	0.000002	0.572644	0.000000	0.000000
9	tsk_9	(x)	1	:	0.000000	0.000000	0.000005	0.999995	0.000000	0.000000
10	tsk_10	(x)	1	:	0.000000	0.000001	0.544444	0.000001	0.000000	0.455553
11	tsk_11	(x)	1	:	0.469553	0.000003	0.530444	0.000000	0.000000	0.000000
12	tsk_12	(x)	1	:	0.000000	0.000000	0.435080	0.000002	0.000000	0.564917
13	tsk_13	(x)	1	:	0.000000	0.000000	0.389525	0.000001	0.000000	0.610474
14	tsk_14	(x)	1	:	0.000000	0.000001	0.361508	0.000000	0.000000	0.638490
15	tsk_15	(x)	1	:	0.000000	0.137704	0.000000	0.362296	0.000000	0.499999
16	tsk_16	(x)	1	:	0.000000	0.169146	0.000000	0.330866	0.000000	0.499988
17	tsk_17	(x)	1	:	0.000000	0.000000	0.320900	0.000000	0.000000	0.679100
18	tsk_18	(x)	1	:	0.000000	0.000000	0.000000	0.000003	0.000000	0.999997
19	tsk_19	(x)	1	:	0.000000	0.377504	0.318638	0.122495	0.000000	0.181363
20	tsk_20	(x)	1	:	0.000000	0.000000	0.000031	0.000000	0.999781	0.000187
21	tsk_21	(x)	1	:	0.000468	0.000000	0.000000	0.000000	0.999532	0.000000
22	tsk_22	(x)	1	:	0.000000	0.000000	0.000000	0.000000	1.000000	0.000000
23	tsk_23	(x)	1	:	0.999986	0.000000	0.000000	0.000000	0.000000	0.000013
24	tsk_24	(x)	1	:	1.000000	0.000000	0.000000	0.000000	0.000000	0.000000
25	tsk_25	(x)	1	:	0.000000	0.000001	0.651657	0.000000	0.000000	0.348342
26	tsk_26	(x)	1	:	0.000030	0.000000	0.000000	0.000000	0.624959	0.375011
27	tsk_27	(x)	1	:	0.999991	0.000000	0.000000	0.000000	0.000000	0.000009
28	tsk_28	(x)	1	:	0.469553	0.000000	0.134581	0.000000	0.000000	0.395866
29	tsk_29	(x)	1	:	0.469535	0.000000	0.195593	0.000000	0.000000	0.334873
