0	tsk_0	(x)	1	:	0.260193	0.000000	0.000000	0.499877	0.000000	0.239931
1	tsk_1	(x)	1	:	0.000000	0.000000	0.000000	1.000000	0.000000	0.000000
2	tsk_2	(x)	1	:	0.000000	0.000000	0.000000	1.000000	0.000000	0.000000
3	tsk_3	(x)	1	:	0.360332	0.000000	0.251051	0.000000	0.000000	0.388617
4	tsk_4	(x)	1	:	0.479926	0.000000	0.000000	0.000000	0.000000	0.520074
5	tsk_5	(x)	1	:	0.000000	0.000000	0.276219	0.499970	0.000000	0.223811
6	tsk_6	(x)	1	:	0.000000	0.000000	0.000000	1.000000	0.000000	0.000000
7	tsk_7	(x)	1	:	0.000000	0.000000	0.500041	0.499958	0.000000	0.000000
8	tsk_8	(x)	1	:	0.142437	0.000000	0.092904	0.499983	0.000000	0.264676
9	tsk_9	(x)	1	:	0.183794	0.000000	0.316207	0.499999	0.000000	0.000000
10	tsk_10	(x)	1	:	0.628620	0.000000	0.145980	0.000000	0.000000	0.225400
11	tsk_11	(x)	1	:	0.000000	0.000000	0.000000	0.000000	1.000000	0.000000
12	tsk_12	(x)	1	:	0.102960	0.000000	0.198490	0.000000	0.651840	0.046711
13	tsk_13	(x)	1	:	0.047368	0.000000	0.395569	0.000000	0.455904	0.101159
14	tsk_14	(x)	1	:	0.000000	0.000000	0.433224	0.000000	0.455885	0.110890
15	tsk_15	(x)	1	:	0.000000	0.000000	0.000000	0.499961	0.000000	0.500039
16	tsk_16	(x)	1	:	0.314085	0.000000	0.000000	0.000000	0.000000	0.685915
17	tsk_17	(x)	1	:	0.000000	0.000000	0.347825	0.000000	0.455904	0.196272
18	tsk_18	(x)	1	:	0.314968	0.000000	0.000000	0.000000	0.000000	0.685032
19	tsk_19	(x)	1	:	0.001761	0.993789	0.000775	0.000000	0.000000	0.003675
20	tsk_20	(x)	1	:	0.000000	0.000000	0.386210	0.000000	0.000000	0.613790
21	tsk_21	(x)	1	:	0.360427	0.000000	0.249084	0.000000	0.000000	0.390489
22	tsk_22	(x)	1	:	0.000000	0.000000	0.000000	0.000000	0.000000	1.000000
23	tsk_23	(x)	1	:	0.284416	0.000000	0.096167	0.000000	0.000000	0.619418
24	tsk_24	(x)	1	:	0.728130	0.000000	0.271870	0.000000	0.000000	0.000000
25	tsk_25	(x)	1	:	0.000000	0.000000	0.486278	0.000000	0.000000	0.513722
26	tsk_26	(x)	1	:	0.650027	0.000000	0.000000	0.000000	0.000000	0.349973
27	tsk_27	(x)	1	:	0.202733	0.000000	0.140795	0.000000	0.000000	0.656472
28	tsk_28	(x)	1	:	0.360427	0.000000	0.249084	0.000000	0.000000	0.390489
29	tsk_29	(x)	1	:	0.356916	0.000000	0.255318	0.000000	0.000000	0.387766
