logL = -30.102544 (converged)
AIC = 222.205087
BIC = 335.702075

count.K
3 16 11 

