logL = -84.745931 (converged)
AIC = 559.491863
BIC = 832.725352

count.K
3 1 2 19 5 

