logL = -25.293124 (converged)
AIC = 272.586247
BIC = 428.119157

count.K
18 0 12 

