logL = -26.956102 (converged)
AIC = 257.912203
BIC = 400.834336

count.K
6 3 5 16 

