logL = -75.824511 (converged)
AIC = 331.649022
BIC = 457.756786

count.K
17 8 5 

