logL = -30.267084 (converged)
AIC = 280.534168
BIC = 434.665880

count.K
0 2 8 20 

