logL = -34.599499 (converged)
AIC = 441.198998
BIC = 701.821711

count.K
4 4 7 6 2 7 

