logL = -121.716135 (converged)
AIC = 583.432270
BIC = 821.635825

count.K
12 15 0 3 

