logL = -25.714152 (converged)
AIC = 423.428303
BIC = 684.051016

count.K
9 1 1 3 2 14 

