logL = -112.479038 (converged)
AIC = 656.958077
BIC = 959.616711

count.K
4 11 4 1 8 2 

