logL = -44.363926 (converged)
AIC = 484.727853
BIC = 762.164934

count.K
13 1 5 9 0 2 

