0	tsk_0	(x)	1	:	0.077977	0.922023	0.000000	0.000000	0.000000	0.000000
1	tsk_1	(x)	1	:	0.257279	0.742721	0.000000	0.000000	0.000000	0.000000
2	tsk_2	(x)	1	:	0.000000	1.000000	0.000000	0.000000	0.000000	0.000000
3	tsk_3	(x)	1	:	0.418334	0.581666	0.000000	0.000000	0.000000	0.000000
4	tsk_4	(x)	1	:	0.383328	0.616672	0.000000	0.000000	0.000000	0.000000
5	tsk_5	(x)	1	:	0.000000	1.000000	0.000000	0.000000	0.000000	0.000000
6	tsk_6	(x)	1	:	0.000000	1.000000	0.000000	0.000000	0.000000	0.000000
7	tsk_7	(x)	1	:	1.000000	0.000000	0.000000	0.000000	0.000000	0.000000
8	tsk_8	(x)	1	:	0.534844	0.465156	0.000000	0.000000	0.000000	0.000000
9	tsk_9	(x)	1	:	0.752796	0.247204	0.000000	0.000000	0.000000	0.000000
10	tsk_10	(x)	1	:	0.000000	0.000000	0.000000	1.000000	0.000000	0.000000
11	tsk_11	(x)	1	:	0.000000	0.249939	0.000000	0.000000	0.000000	0.750061
12	tsk_12	(x)	1	:	0.000000	1.000000	0.000000	0.000000	0.000000	0.000000
13	tsk_13	(x)	1	:	1.000000	0.000000	0.000000	0.000000	0.000000	0.000000
14	tsk_14	(x)	1	:	1.000000	0.000000	0.000000	0.000000	0.000000	0.000000
15	tsk_15	(x)	1	:	0.160262	0.839738	0.000000	0.000000	0.000000	0.000000
16	tsk_16	(x)	1	:	0.000000	1.000000	0.000000	0.000000	0.000000	0.000000
17	tsk_17	(x)	1	:	0.005434	0.007657	0.000000	0.986909	0.000000	0.000000
18	tsk_18	(x)	1	:	0.006516	0.243422	0.000000	0.000000	0.000000	0.750062
19	tsk_19	(x)	1	:	0.142121	0.857879	0.000000	0.000000	0.000000	0.000000
20	tsk_20	(x)	1	:	0.000000	0.000000	0.440766	0.000000	0.559234	0.000000
21	tsk_21	(x)	1	:	1.000000	0.000000	0.000000	0.000000	0.000000	0.000000
22	tsk_22	(x)	1	:	0.000000	0.000000	1.000000	0.000000	0.000000	0.000000
23	tsk_23	(x)	1	:	0.351618	0.648382	0.000000	0.000000	0.000000	0.000000
24	tsk_24	(x)	1	:	0.000000	0.000000	0.440766	0.000000	0.559234	0.000000
25	tsk_25	(x)	1	:	0.377992	0.114068	0.481062	0.000000	0.026877	0.000000
26	tsk_26	(x)	1	:	0.493754	0.000000	0.485087	0.000000	0.021159	0.000000
27	tsk_27	(x)	1	:	0.000000	0.000000	0.440769	0.000000	0.559231	0.000000
28	tsk_28	(x)	1	:	0.000000	0.491792	0.480439	0.000000	0.027769	0.000000
29	tsk_29	(x)	1	:	0.000000	0.000000	1.000000	0.000000	0.000000	0.000000
