logL = -52.032188 (converged)
AIC = 296.064376
BIC = 430.579325

count.K
16 4 10 

