logL = -29.189109 (converged)
AIC = 270.378219
BIC = 418.905141

count.K
2 7 10 11 

