logL = -170.323917 (converged)
AIC = 532.647834
BIC = 667.162782

count.K
15 14 1 

