logL = -64.727460 (converged)
AIC = 609.454920
BIC = 945.742292

count.K
1 17 1 2 3 6 

