logL = -104.330399 (converged)
AIC = 648.660798
BIC = 956.924222

count.K
0 3 4 15 8 

