0	tsk_0	(x)	1	:	0.000000	0.764688	0.000000	0.235312
1	tsk_1	(x)	1	:	0.000000	0.540324	0.000000	0.459676
2	tsk_2	(x)	1	:	0.000000	0.757197	0.000000	0.242803
3	tsk_3	(x)	1	:	0.000000	0.888201	0.000000	0.111799
4	tsk_4	(x)	1	:	0.000000	0.866452	0.000000	0.133548
5	tsk_5	(x)	1	:	0.000000	0.884943	0.000000	0.115057
6	tsk_6	(x)	1	:	0.000000	0.626160	0.000000	0.373840
7	tsk_7	(x)	1	:	0.000000	0.000000	0.000000	1.000000
8	tsk_8	(x)	1	:	0.000000	0.763873	0.000000	0.236127
9	tsk_9	(x)	1	:	0.000000	0.938025	0.000000	0.061975
10	tsk_10	(x)	1	:	0.053575	0.287674	0.445613	0.213138
11	tsk_11	(x)	1	:	0.495150	0.183399	0.000000	0.321451
12	tsk_12	(x)	1	:	0.000000	0.747632	0.000000	0.252368
13	tsk_13	(x)	1	:	0.495150	0.189879	0.000000	0.314971
14	tsk_14	(x)	1	:	0.495150	0.048775	0.000000	0.456074
15	tsk_15	(x)	1	:	0.495149	0.135955	0.000001	0.368895
16	tsk_16	(x)	1	:	0.495150	0.105269	0.000000	0.399581
17	tsk_17	(x)	1	:	0.495150	0.504850	0.000000	0.000000
18	tsk_18	(x)	1	:	0.495150	0.120001	0.000000	0.384849
19	tsk_19	(x)	1	:	0.000000	0.751763	0.000000	0.248237
20	tsk_20	(x)	1	:	0.541797	0.000000	0.458203	0.000000
21	tsk_21	(x)	1	:	0.541797	0.000000	0.458203	0.000000
22	tsk_22	(x)	1	:	0.000000	0.000000	1.000000	0.000000
23	tsk_23	(x)	1	:	0.541796	0.000000	0.458204	0.000000
24	tsk_24	(x)	1	:	1.000000	0.000000	0.000000	0.000000
25	tsk_25	(x)	1	:	0.000000	0.000000	1.000000	0.000000
26	tsk_26	(x)	1	:	0.694283	0.000000	0.305717	0.000000
27	tsk_27	(x)	1	:	1.000000	0.000000	0.000000	0.000000
28	tsk_28	(x)	1	:	1.000000	0.000000	0.000000	0.000000
29	tsk_29	(x)	1	:	0.000000	0.000000	1.000000	0.000000
