logL = -51.189377 (converged)
AIC = 450.378753
BIC = 694.187098

count.K
3 8 7 3 4 5 

