logL = -48.471213 (converged)
AIC = 240.942426
BIC = 341.828638

count.K
4 8 18 

