logL = -56.426530 (converged)
AIC = 192.853059
BIC = 248.900954

count.K
15 15 

