logL = -31.553258 (converged)
AIC = 353.106517
BIC = 556.280137

count.K
9 6 11 2 2 

