logL = -70.002545 (converged)
AIC = 384.005089
BIC = 554.951170

count.K
11 11 4 4 

