logL = -46.253209 (converged)
AIC = 464.506418
BIC = 725.129131

count.K
3 1 1 12 1 12 

