0	tsk_0	(x)	1	:	0.501043	0.000001	0.228428	0.000000	0.270528
1	tsk_1	(x)	1	:	0.000006	0.999990	0.000001	0.000000	0.000004
2	tsk_2	(x)	1	:	0.006559	0.488261	0.000000	0.498081	0.007099
3	tsk_3	(x)	1	:	0.009074	0.487604	0.000000	0.497976	0.005346
4	tsk_4	(x)	1	:	0.000003	0.999991	0.000000	0.000000	0.000006
5	tsk_5	(x)	1	:	0.155709	0.499342	0.228264	0.000000	0.116685
6	tsk_6	(x)	1	:	0.137569	0.499430	0.228282	0.000000	0.134718
7	tsk_7	(x)	1	:	0.009630	0.487714	0.000000	0.497994	0.004663
8	tsk_8	(x)	1	:	0.005708	0.487935	0.000000	0.498029	0.008328
9	tsk_9	(x)	1	:	0.000009	0.999987	0.000001	0.000000	0.000004
10	tsk_10	(x)	1	:	0.000000	0.000000	0.000000	1.000000	0.000000
11	tsk_11	(x)	1	:	0.562165	0.000001	0.000001	0.000000	0.437833
12	tsk_12	(x)	1	:	0.374180	0.000000	0.000000	0.500000	0.125820
13	tsk_13	(x)	1	:	0.243625	0.000000	0.000000	0.500000	0.256376
14	tsk_14	(x)	1	:	0.575137	0.000001	0.000000	0.000000	0.424862
15	tsk_15	(x)	1	:	0.634658	0.000002	0.000002	0.000000	0.365338
16	tsk_16	(x)	1	:	0.246853	0.000000	0.000000	0.500000	0.253147
17	tsk_17	(x)	1	:	0.692019	0.000000	0.000002	0.000000	0.307979
18	tsk_18	(x)	1	:	0.635349	0.000001	0.000001	0.000000	0.364650
19	tsk_19	(x)	1	:	0.082183	0.000000	0.000000	0.500000	0.417817
20	tsk_20	(x)	1	:	0.000000	0.000000	1.000000	0.000000	0.000000
21	tsk_21	(x)	1	:	0.000007	0.000000	0.999986	0.000000	0.000006
22	tsk_22	(x)	1	:	0.000002	0.000000	0.999988	0.000000	0.000010
23	tsk_23	(x)	1	:	0.000000	0.000000	1.000000	0.000000	0.000000
24	tsk_24	(x)	1	:	0.000003	0.000000	0.999991	0.000000	0.000006
25	tsk_25	(x)	1	:	0.000002	0.000000	0.999992	0.000000	0.000006
26	tsk_26	(x)	1	:	0.000000	0.000000	1.000000	0.000000	0.000000
27	tsk_27	(x)	1	:	0.000003	0.000000	0.999991	0.000000	0.000006
28	tsk_28	(x)	1	:	0.000003	0.000000	0.999991	0.000000	0.000006
29	tsk_29	(x)	1	:	0.000000	0.000000	1.000000	0.000000	0.000000
