0	tsk_0	(x)	1	:	1.000000	0.000000	0.000000	0.000000	0.000000
1	tsk_1	(x)	1	:	1.000000	0.000000	0.000000	0.000000	0.000000
2	tsk_2	(x)	1	:	0.000000	0.000000	0.000000	0.000000	1.000000
3	tsk_3	(x)	1	:	1.000000	0.000000	0.000000	0.000000	0.000000
4	tsk_4	(x)	1	:	0.948639	0.000000	0.000000	0.000000	0.051361
5	tsk_5	(x)	1	:	0.000755	0.918623	0.000000	0.000183	0.080439
6	tsk_6	(x)	1	:	0.951637	0.000000	0.000000	0.000000	0.048363
7	tsk_7	(x)	1	:	0.947075	0.000000	0.000000	0.000000	0.052925
8	tsk_8	(x)	1	:	0.000013	0.865804	0.000000	0.000066	0.134116
9	tsk_9	(x)	1	:	0.007269	0.929421	0.000000	0.000487	0.062822
10	tsk_10	(x)	1	:	0.863424	0.000000	0.000000	0.000000	0.136576
11	tsk_11	(x)	1	:	1.000000	0.000000	0.000000	0.000000	0.000000
12	tsk_12	(x)	1	:	0.974744	0.000000	0.000000	0.000000	0.025256
13	tsk_13	(x)	1	:	0.729615	0.270385	0.000000	0.000000	0.000000
14	tsk_14	(x)	1	:	0.863648	0.000000	0.000000	0.000000	0.136352
15	tsk_15	(x)	1	:	0.092767	0.000000	0.000000	0.899203	0.008030
16	tsk_16	(x)	1	:	0.986080	0.000000	0.000000	0.000000	0.013920
17	tsk_17	(x)	1	:	0.918875	0.000000	0.000000	0.000000	0.081125
18	tsk_18	(x)	1	:	0.063388	0.000000	0.000000	0.896941	0.039670
19	tsk_19	(x)	1	:	1.000000	0.000000	0.000000	0.000000	0.000000
20	tsk_20	(x)	1	:	0.952114	0.000000	0.000000	0.000000	0.047886
21	tsk_21	(x)	1	:	0.000000	0.000000	1.000000	0.000000	0.000000
22	tsk_22	(x)	1	:	0.500000	0.000000	0.500000	0.000000	0.000000
23	tsk_23	(x)	1	:	0.959235	0.000000	0.000000	0.000000	0.040765
24	tsk_24	(x)	1	:	0.000000	0.000000	0.000000	0.000000	1.000000
25	tsk_25	(x)	1	:	0.890745	0.000000	0.000000	0.000000	0.109254
26	tsk_26	(x)	1	:	1.000000	0.000000	0.000000	0.000000	0.000000
27	tsk_27	(x)	1	:	0.973088	0.000000	0.000000	0.000000	0.026912
28	tsk_28	(x)	1	:	0.977191	0.000000	0.000000	0.000000	0.022809
29	tsk_29	(x)	1	:	0.888510	0.000000	0.000000	0.000000	0.111490
