logL = -50.016396 (converged)
AIC = 484.032791
BIC = 753.062688

count.K
3 1 5 16 5 0 

