logL = -166.154580 (converged)
AIC = 762.309160
BIC = 1063.566597

count.K
6 1 10 10 3 

