logL = -13.864167 (converged)
AIC = 231.728334
BIC = 374.650467

count.K
2 2 12 14 

