logL = -18.746240 (converged)
AIC = 241.492479
BIC = 384.414612

count.K
1 17 8 4 

