logL = -28.618948 (converged)
AIC = 285.237895
BIC = 444.974397

count.K
8 4 2 16 

