logL = -49.612488 (converged)
AIC = 261.224976
BIC = 374.721964

count.K
1 10 19 

