logL = -60.999830 (converged)
AIC = 451.999660
BIC = 683.197228

count.K
1 14 4 10 1 

