0	tsk_0	(x)	1	:	0.000000	0.000000	0.500202	0.000006	0.498067	0.001724
1	tsk_1	(x)	1	:	0.000000	0.000000	0.499842	0.000007	0.497220	0.002932
2	tsk_2	(x)	1	:	0.000000	0.000000	0.500417	0.000006	0.498572	0.001005
3	tsk_3	(x)	1	:	0.709204	0.000000	0.000000	0.000000	0.000000	0.290796
4	tsk_4	(x)	1	:	0.000000	0.000000	0.499287	0.000006	0.495912	0.004795
5	tsk_5	(x)	1	:	0.328978	0.000000	0.000000	0.000000	0.000000	0.671022
6	tsk_6	(x)	1	:	0.000000	0.000000	0.499785	0.000006	0.497085	0.003124
7	tsk_7	(x)	1	:	0.557962	0.000000	0.000000	0.000000	0.000000	0.442038
8	tsk_8	(x)	1	:	0.000000	0.000000	0.500011	0.000006	0.497617	0.002366
9	tsk_9	(x)	1	:	0.694536	0.000000	0.000000	0.000000	0.000000	0.305464
10	tsk_10	(x)	1	:	0.811864	0.000000	0.000000	0.000000	0.000000	0.188136
11	tsk_11	(x)	1	:	0.615658	0.000000	0.000000	0.000000	0.000000	0.384342
12	tsk_12	(x)	1	:	0.484718	0.340438	0.000000	0.000000	0.000000	0.174844
13	tsk_13	(x)	1	:	0.536187	0.000000	0.000000	0.000000	0.000000	0.463813
14	tsk_14	(x)	1	:	1.000000	0.000000	0.000000	0.000000	0.000000	0.000000
15	tsk_15	(x)	1	:	0.276881	0.596902	0.000000	0.000000	0.000004	0.126213
16	tsk_16	(x)	1	:	0.509575	0.000000	0.000000	0.000000	0.000000	0.490425
17	tsk_17	(x)	1	:	0.498564	0.000000	0.000000	0.000000	0.000000	0.501436
18	tsk_18	(x)	1	:	0.769147	0.000000	0.000000	0.000000	0.000000	0.230853
19	tsk_19	(x)	1	:	0.683319	0.000000	0.000000	0.000000	0.000000	0.316681
20	tsk_20	(x)	1	:	0.000000	0.000001	0.000000	0.999999	0.000000	0.000000
21	tsk_21	(x)	1	:	0.000000	0.000003	0.000000	0.999997	0.000000	0.000000
22	tsk_22	(x)	1	:	0.000000	0.000001	0.000000	0.999999	0.000000	0.000000
23	tsk_23	(x)	1	:	0.000000	0.000000	0.000000	1.000000	0.000000	0.000000
24	tsk_24	(x)	1	:	0.000000	0.000001	0.000000	0.999999	0.000000	0.000000
25	tsk_25	(x)	1	:	0.000000	0.000000	0.000000	1.000000	0.000000	0.000000
26	tsk_26	(x)	1	:	0.000000	0.000001	0.000000	0.999999	0.000000	0.000000
27	tsk_27	(x)	1	:	0.000000	0.000001	0.000000	0.999999	0.000000	0.000000
28	tsk_28	(x)	1	:	0.000000	0.000000	0.000000	1.000000	0.000000	0.000000
29	tsk_29	(x)	1	:	0.000000	0.000001	0.000000	0.999999	0.000000	0.000000
