logL = -15.338425 (converged)
AIC = 366.676849
BIC = 602.078009

count.K
3 13 3 1 1 9 

