logL = -41.160494 (converged)
AIC = 412.320989
BIC = 643.518557

count.K
5 20 1 1 3 

