logL = -80.333265 (converged)
AIC = 244.666531
BIC = 303.516821

count.K
14 16 

