logL = -26.705325 (converged)
AIC = 197.410650
BIC = 298.296862

count.K
17 2 11 

