logL = -111.744893 (converged)
AIC = 703.489786
BIC = 1039.777157

count.K
7 7 0 2 4 10 

