logL = -179.354575 (converged)
AIC = 592.709151
BIC = 756.649244

count.K
10 10 10 

