0	tsk_0	(x)	1	:	1.000000	0.000000	0.000000	0.000000	0.000000
1	tsk_1	(x)	1	:	1.000000	0.000000	0.000000	0.000000	0.000000
2	tsk_2	(x)	1	:	0.000000	0.000000	1.000000	0.000000	0.000000
3	tsk_3	(x)	1	:	0.000000	0.000000	0.500000	0.182400	0.317600
4	tsk_4	(x)	1	:	0.443827	0.000000	0.499440	0.000000	0.056733
5	tsk_5	(x)	1	:	0.000000	0.000000	1.000000	0.000000	0.000000
6	tsk_6	(x)	1	:	0.000000	0.000000	0.500000	0.000000	0.500000
7	tsk_7	(x)	1	:	0.000000	0.000000	0.000000	0.743273	0.256727
8	tsk_8	(x)	1	:	0.463581	0.536419	0.000000	0.000000	0.000000
9	tsk_9	(x)	1	:	0.000000	0.000000	0.500000	0.168944	0.331056
10	tsk_10	(x)	1	:	0.000000	0.000000	0.000000	0.887611	0.112389
11	tsk_11	(x)	1	:	0.000000	0.000000	0.000000	0.771864	0.228136
12	tsk_12	(x)	1	:	0.000000	0.000000	0.500000	0.099745	0.400255
13	tsk_13	(x)	1	:	0.000000	0.000000	0.000000	0.870853	0.129147
14	tsk_14	(x)	1	:	0.000000	0.000000	0.000000	0.736436	0.263564
15	tsk_15	(x)	1	:	0.530603	0.000000	0.000000	0.270403	0.198994
16	tsk_16	(x)	1	:	0.000000	0.000000	0.000000	0.555307	0.444693
17	tsk_17	(x)	1	:	0.000000	0.000000	0.500000	0.313893	0.186107
18	tsk_18	(x)	1	:	0.530620	0.000000	0.000000	0.170780	0.298600
19	tsk_19	(x)	1	:	0.000000	0.000000	0.500000	0.121830	0.378170
20	tsk_20	(x)	1	:	0.000000	0.000000	0.000000	0.485652	0.514348
21	tsk_21	(x)	1	:	0.000000	0.000000	0.000000	0.500222	0.499778
22	tsk_22	(x)	1	:	0.000000	0.000000	0.000000	0.916602	0.083398
23	tsk_23	(x)	1	:	0.000000	0.000000	0.000000	0.819790	0.180210
24	tsk_24	(x)	1	:	0.000000	0.000000	0.000000	0.735174	0.264826
25	tsk_25	(x)	1	:	0.000000	0.000000	0.000000	0.608485	0.391515
26	tsk_26	(x)	1	:	0.000000	0.000000	0.000000	0.488184	0.511816
27	tsk_27	(x)	1	:	0.577292	0.000000	0.000000	0.000000	0.422708
28	tsk_28	(x)	1	:	0.000000	0.000000	0.000000	0.665186	0.334814
29	tsk_29	(x)	1	:	0.000000	0.000000	0.000000	0.775305	0.224695
