logL = -47.065885 (converged)
AIC = 490.131769
BIC = 767.568851

count.K
11 0 6 10 3 0 

