logL = -82.864423 (converged)
AIC = 249.728847
BIC = 308.579137

count.K
21 9 

