logL = -62.735215 (converged)
AIC = 341.470430
BIC = 492.799747

count.K
7 13 10 

