logL = -84.429850 (converged)
AIC = 342.859700
BIC = 464.763872

count.K
10 16 4 

