logL = -77.827215 (converged)
AIC = 439.654430
BIC = 638.624458

count.K
3 5 7 15 

