0	tsk_0	(x)	1	:	0.000000	0.000031	0.000000	0.000000	0.655739	0.344230
1	tsk_1	(x)	1	:	0.000000	0.000000	0.000000	0.000000	1.000000	0.000000
2	tsk_2	(x)	1	:	0.000000	0.000000	0.998845	0.000000	0.000874	0.000281
3	tsk_3	(x)	1	:	0.000000	0.000000	0.000000	0.000000	0.654275	0.345724
4	tsk_4	(x)	1	:	0.000000	0.000000	1.000000	0.000000	0.000000	0.000000
5	tsk_5	(x)	1	:	0.000000	0.000000	0.000000	0.000000	0.000000	1.000000
6	tsk_6	(x)	1	:	0.000000	0.000022	0.000000	0.000000	0.999978	0.000000
7	tsk_7	(x)	1	:	0.000000	0.000000	0.000000	0.000000	0.000000	1.000000
8	tsk_8	(x)	1	:	0.000000	0.000003	0.000000	0.000000	0.468730	0.531268
9	tsk_9	(x)	1	:	0.000000	0.000000	0.000000	0.000000	1.000000	0.000000
10	tsk_10	(x)	1	:	0.000000	0.000000	0.611553	0.388426	0.000000	0.000021
11	tsk_11	(x)	1	:	0.426174	0.000000	0.000000	0.573826	0.000000	0.000000
12	tsk_12	(x)	1	:	0.418128	0.000000	0.000000	0.581872	0.000000	0.000000
13	tsk_13	(x)	1	:	0.266282	0.002071	0.611574	0.120073	0.000000	0.000000
14	tsk_14	(x)	1	:	0.000000	0.000000	0.000000	0.000000	0.000000	1.000000
15	tsk_15	(x)	1	:	1.000000	0.000000	0.000000	0.000000	0.000000	0.000000
16	tsk_16	(x)	1	:	0.334660	0.000000	0.000000	0.165348	0.347737	0.152256
17	tsk_17	(x)	1	:	0.000000	0.000000	0.000000	0.000000	0.453386	0.546614
18	tsk_18	(x)	1	:	0.000000	0.000000	0.000000	0.000000	1.000000	0.000000
19	tsk_19	(x)	1	:	0.000000	0.000000	0.000000	0.500109	0.157117	0.342773
20	tsk_20	(x)	1	:	0.000000	0.000000	0.000000	1.000000	0.000000	0.000000
21	tsk_21	(x)	1	:	0.000000	0.000000	0.000000	1.000000	0.000000	0.000000
22	tsk_22	(x)	1	:	0.607032	0.000000	0.000000	0.392968	0.000000	0.000000
23	tsk_23	(x)	1	:	0.000000	0.000000	0.000000	0.500025	0.156411	0.343564
24	tsk_24	(x)	1	:	0.603594	0.000000	0.000000	0.396406	0.000000	0.000000
25	tsk_25	(x)	1	:	0.605005	0.000000	0.000000	0.394995	0.000000	0.000000
26	tsk_26	(x)	1	:	0.000000	0.000353	0.000000	0.999646	0.000000	0.000000
27	tsk_27	(x)	1	:	0.000000	0.999998	0.000001	0.000000	0.000001	0.000000
28	tsk_28	(x)	1	:	1.000000	0.000000	0.000000	0.000000	0.000000	0.000000
29	tsk_29	(x)	1	:	0.000000	0.000000	0.000000	1.000000	0.000000	0.000000
