logL = -48.520330 (converged)
AIC = 259.040660
BIC = 372.537648

count.K
10 7 13 

