logL = -49.630561 (converged)
AIC = 409.261122
BIC = 626.446716

count.K
9 3 9 8 1 

