logL = -20.656394 (converged)
AIC = 117.312788
BIC = 170.558288

count.K
3 27 

