logL = -28.634902 (converged)
AIC = 133.269804
BIC = 186.515304

count.K
19 11 

