logL = -83.669514 (converged)
AIC = 411.339028
BIC = 582.285109

count.K
1 10 5 14 

