logL = -101.502391 (converged)
AIC = 291.004783
BIC = 352.657467

count.K
10 20 

