logL = -178.120051 (converged)
AIC = 464.240102
BIC = 539.904761

count.K
15 15 

