logL = -155.557092 (converged)
AIC = 635.114184
BIC = 862.108160

count.K
6 11 9 4 

