0	tsk_0	(x)	1	:	0.000000	1.000000	0.000000	0.000000	0.000000	0.000000
1	tsk_1	(x)	1	:	0.000000	0.468579	0.501472	0.029231	0.000717	0.000000
2	tsk_2	(x)	1	:	0.000000	1.000000	0.000000	0.000000	0.000000	0.000000
3	tsk_3	(x)	1	:	0.000000	0.475084	0.000000	0.524448	0.000468	0.000000
4	tsk_4	(x)	1	:	0.000000	0.475084	0.000000	0.510899	0.014017	0.000000
5	tsk_5	(x)	1	:	0.000000	1.000000	0.000000	0.000000	0.000000	0.000000
6	tsk_6	(x)	1	:	0.000000	0.512855	0.487145	0.000000	0.000000	0.000000
7	tsk_7	(x)	1	:	0.000000	1.000000	0.000000	0.000000	0.000000	0.000000
8	tsk_8	(x)	1	:	0.000000	1.000000	0.000000	0.000000	0.000000	0.000000
9	tsk_9	(x)	1	:	0.000000	0.468280	0.501353	0.029681	0.000685	0.000000
10	tsk_10	(x)	1	:	0.000000	0.000000	0.000000	0.000000	0.000000	1.000000
11	tsk_11	(x)	1	:	0.000004	0.000000	0.000000	0.012423	0.487577	0.499996
12	tsk_12	(x)	1	:	0.000000	0.000000	0.504066	0.275252	0.220681	0.000000
13	tsk_13	(x)	1	:	0.000000	0.000000	0.000000	0.701877	0.298123	0.000000
14	tsk_14	(x)	1	:	0.000000	0.000000	0.000000	0.880866	0.119134	0.000000
15	tsk_15	(x)	1	:	0.000000	0.000000	0.504066	0.000000	0.495934	0.000000
16	tsk_16	(x)	1	:	0.000003	0.000000	0.000000	0.036238	0.463762	0.499997
17	tsk_17	(x)	1	:	0.000000	0.000000	0.000000	0.456235	0.543765	0.000000
18	tsk_18	(x)	1	:	0.000000	0.000000	0.000000	0.720485	0.279515	0.000000
19	tsk_19	(x)	1	:	0.000000	0.000000	0.510455	0.000000	0.000000	0.489545
20	tsk_20	(x)	1	:	0.000026	0.000000	0.256921	0.000000	0.000000	0.743053
21	tsk_21	(x)	1	:	0.000000	0.000000	0.000000	0.000000	0.000000	1.000000
22	tsk_22	(x)	1	:	0.499698	0.000000	0.000000	0.157882	0.342419	0.000000
23	tsk_23	(x)	1	:	0.499954	0.000000	0.000100	0.000000	0.000000	0.499946
24	tsk_24	(x)	1	:	0.999991	0.000000	0.000007	0.000000	0.000000	0.000002
25	tsk_25	(x)	1	:	0.000001	0.000000	0.000000	0.020108	0.479892	0.499999
26	tsk_26	(x)	1	:	0.499957	0.000000	0.000093	0.000000	0.000000	0.499950
27	tsk_27	(x)	1	:	0.000000	0.000000	0.000000	0.000000	0.000000	1.000000
28	tsk_28	(x)	1	:	0.000000	0.000000	0.000000	0.000000	0.000000	1.000000
29	tsk_29	(x)	1	:	0.000004	0.000000	0.000000	0.017548	0.482452	0.499995
