logL = -60.689005 (converged)
AIC = 517.378010
BIC = 794.815091

count.K
6 4 6 1 5 8 

