logL = -43.747952 (converged)
AIC = 175.495904
BIC = 237.148589

count.K
17 13 

