logL = -43.708013 (converged)
AIC = 459.416025
BIC = 720.038738

count.K
7 2 5 3 10 3 

