logL = -65.337335 (converged)
AIC = 390.674670
BIC = 572.830330

count.K
9 5 5 11 

