0	tsk_0	(x)	1	:	0.000000	0.894625	0.000000	0.000000	0.000000	0.105375
1	tsk_1	(x)	1	:	0.000000	0.557616	0.000000	0.009145	0.000000	0.433239
2	tsk_2	(x)	1	:	0.000000	0.735495	0.000000	0.000000	0.000000	0.264505
3	tsk_3	(x)	1	:	0.000000	0.606067	0.000002	0.069831	0.000000	0.324100
4	tsk_4	(x)	1	:	0.000000	0.745097	0.000003	0.070040	0.000000	0.184860
5	tsk_5	(x)	1	:	0.000000	0.355655	0.000002	0.031520	0.000000	0.612823
6	tsk_6	(x)	1	:	0.000000	0.635598	0.000000	0.035326	0.000000	0.329076
7	tsk_7	(x)	1	:	0.000000	0.221062	0.000000	0.045291	0.000000	0.733647
8	tsk_8	(x)	1	:	0.000000	0.424946	0.000000	0.012994	0.000000	0.562060
9	tsk_9	(x)	1	:	0.000000	0.738964	0.000000	0.011826	0.000000	0.249209
10	tsk_10	(x)	1	:	0.478485	0.068958	0.000009	0.267188	0.022340	0.163020
11	tsk_11	(x)	1	:	0.000000	0.091121	0.000005	0.244103	0.500003	0.164768
12	tsk_12	(x)	1	:	0.494347	0.000000	0.504587	0.000008	0.001043	0.000015
13	tsk_13	(x)	1	:	0.000000	0.293978	0.477244	0.007462	0.000000	0.221316
14	tsk_14	(x)	1	:	0.479277	0.007925	0.471758	0.006183	0.020720	0.014138
15	tsk_15	(x)	1	:	0.999998	0.000000	0.000000	0.000000	0.000002	0.000000
16	tsk_16	(x)	1	:	0.000000	0.000004	0.999994	0.000000	0.000000	0.000002
17	tsk_17	(x)	1	:	0.480223	0.007856	0.471397	0.013526	0.019650	0.007348
18	tsk_18	(x)	1	:	0.000000	0.603357	0.000000	0.000000	0.000000	0.396643
19	tsk_19	(x)	1	:	0.000000	0.402603	0.477244	0.000000	0.000000	0.120153
20	tsk_20	(x)	1	:	0.483891	0.000000	0.000000	0.000000	0.516109	0.000000
21	tsk_21	(x)	1	:	0.999999	0.000000	0.000000	0.000000	0.000001	0.000000
22	tsk_22	(x)	1	:	0.483817	0.000000	0.000000	0.000000	0.516182	0.000000
23	tsk_23	(x)	1	:	1.000000	0.000000	0.000000	0.000000	0.000000	0.000000
24	tsk_24	(x)	1	:	1.000000	0.000000	0.000000	0.000000	0.000000	0.000000
25	tsk_25	(x)	1	:	1.000000	0.000000	0.000000	0.000000	0.000000	0.000000
26	tsk_26	(x)	1	:	0.483891	0.000000	0.000000	0.000000	0.516109	0.000000
27	tsk_27	(x)	1	:	1.000000	0.000000	0.000000	0.000000	0.000000	0.000000
28	tsk_28	(x)	1	:	1.000000	0.000000	0.000000	0.000000	0.000000	0.000000
29	tsk_29	(x)	1	:	1.000000	0.000000	0.000000	0.000000	0.000000	0.000000
