0	tsk_0	(x)	1	:	0.000000	0.010818	0.970103	0.000000	0.019079
1	tsk_1	(x)	1	:	0.000000	0.535959	0.000000	0.000000	0.464041
2	tsk_2	(x)	1	:	0.000000	0.000000	0.000000	0.000000	1.000000
3	tsk_3	(x)	1	:	0.000000	0.004732	0.961201	0.000009	0.034058
4	tsk_4	(x)	1	:	0.000000	1.000000	0.000000	0.000000	0.000000
5	tsk_5	(x)	1	:	0.000000	0.003713	0.964776	0.000000	0.031510
6	tsk_6	(x)	1	:	0.000000	0.036585	0.000000	0.000000	0.963415
7	tsk_7	(x)	1	:	0.000000	0.158388	0.000000	0.000000	0.841612
8	tsk_8	(x)	1	:	0.000000	0.321304	0.000000	0.000000	0.678696
9	tsk_9	(x)	1	:	0.000000	0.451001	0.000000	0.000000	0.548999
10	tsk_10	(x)	1	:	0.000000	0.526788	0.000000	0.000000	0.473212
11	tsk_11	(x)	1	:	0.000000	0.434325	0.000000	0.000000	0.565675
12	tsk_12	(x)	1	:	0.000000	0.026966	0.000000	0.000000	0.973034
13	tsk_13	(x)	1	:	0.000000	0.428837	0.000000	0.000000	0.571163
14	tsk_14	(x)	1	:	0.000000	0.332915	0.000000	0.000000	0.667085
15	tsk_15	(x)	1	:	0.000000	0.293150	0.000000	0.000000	0.706850
16	tsk_16	(x)	1	:	0.000000	0.267117	0.000000	0.000000	0.732883
17	tsk_17	(x)	1	:	0.000000	0.278017	0.000000	0.000000	0.721983
18	tsk_18	(x)	1	:	0.000000	0.000000	0.000000	0.000000	1.000000
19	tsk_19	(x)	1	:	0.000000	0.172483	0.000000	0.000000	0.827517
20	tsk_20	(x)	1	:	1.000000	0.000000	0.000000	0.000000	0.000000
21	tsk_21	(x)	1	:	0.483507	0.468522	0.000000	0.000000	0.047971
22	tsk_22	(x)	1	:	1.000000	0.000000	0.000000	0.000000	0.000000
23	tsk_23	(x)	1	:	0.481146	0.021765	0.000000	0.493716	0.003373
24	tsk_24	(x)	1	:	1.000000	0.000000	0.000000	0.000000	0.000000
25	tsk_25	(x)	1	:	1.000000	0.000000	0.000000	0.000000	0.000000
26	tsk_26	(x)	1	:	1.000000	0.000000	0.000000	0.000000	0.000000
27	tsk_27	(x)	1	:	1.000000	0.000000	0.000000	0.000000	0.000000
28	tsk_28	(x)	1	:	1.000000	0.000000	0.000000	0.000000	0.000000
29	tsk_29	(x)	1	:	0.483442	0.000000	0.000000	0.000000	0.516558
