logL = -29.131704 (converged)
AIC = 134.263407
BIC = 187.508908

count.K
10 20 

