logL = -73.899419 (converged)
AIC = 231.798837
BIC = 290.649127

count.K
14 16 

