logL = -77.632528 (converged)
AIC = 545.265055
BIC = 818.498545

count.K
1 0 11 14 4 

