logL = -85.808449 (converged)
AIC = 251.616897
BIC = 307.664793

count.K
16 14 

