logL = -15.020142 (converged)
AIC = 366.040284
BIC = 601.441444

count.K
5 1 4 8 7 5 

