0	tsk_0	(x)	1	:	0.000000	0.482038	0.000000	0.008759	0.509204	0.000000
1	tsk_1	(x)	1	:	0.000000	0.303744	0.000000	0.000000	0.696256	0.000000
2	tsk_2	(x)	1	:	0.000000	0.997476	0.000000	0.002524	0.000000	0.000000
3	tsk_3	(x)	1	:	0.000000	0.315292	0.000000	0.000000	0.684708	0.000000
4	tsk_4	(x)	1	:	0.500572	0.000000	0.000000	0.000000	0.499428	0.000000
5	tsk_5	(x)	1	:	0.000000	0.000000	0.000000	1.000000	0.000000	0.000000
6	tsk_6	(x)	1	:	0.000000	1.000000	0.000000	0.000000	0.000000	0.000000
7	tsk_7	(x)	1	:	0.500572	0.499428	0.000000	0.000000	0.000000	0.000000
8	tsk_8	(x)	1	:	0.000000	0.000000	0.000000	1.000000	0.000000	0.000000
9	tsk_9	(x)	1	:	0.000000	0.343323	0.000000	0.000000	0.656677	0.000000
10	tsk_10	(x)	1	:	0.000000	0.000000	0.000000	0.000000	0.000000	1.000000
11	tsk_11	(x)	1	:	0.000000	0.173542	0.826458	0.000000	0.000000	0.000000
12	tsk_12	(x)	1	:	0.000000	0.000000	0.000000	0.000000	0.000000	1.000000
13	tsk_13	(x)	1	:	0.000000	0.008378	0.826488	0.165133	0.000000	0.000001
14	tsk_14	(x)	1	:	0.000000	0.330223	0.000000	0.000000	0.669777	0.000000
15	tsk_15	(x)	1	:	0.000000	0.000000	0.826483	0.173516	0.000000	0.000001
16	tsk_16	(x)	1	:	0.000000	0.000000	0.000000	0.000000	0.000000	1.000000
17	tsk_17	(x)	1	:	0.000000	0.000000	0.000000	0.000000	0.000000	1.000000
18	tsk_18	(x)	1	:	0.000000	0.000000	0.000000	1.000000	0.000000	0.000000
19	tsk_19	(x)	1	:	0.000000	0.000000	0.826489	0.173511	0.000000	0.000000
20	tsk_20	(x)	1	:	0.000000	0.173514	0.826486	0.000000	0.000000	0.000000
21	tsk_21	(x)	1	:	0.000000	0.000000	0.000000	0.000000	0.000000	1.000000
22	tsk_22	(x)	1	:	0.000000	0.173512	0.826487	0.000000	0.000000	0.000000
23	tsk_23	(x)	1	:	0.000000	0.000000	0.000000	0.000000	0.000000	1.000000
24	tsk_24	(x)	1	:	0.000000	0.000000	0.000000	0.000000	0.000000	1.000000
25	tsk_25	(x)	1	:	0.000000	0.000000	0.000000	0.006332	0.993668	0.000000
26	tsk_26	(x)	1	:	0.000000	0.000000	0.428829	0.330602	0.000000	0.240569
27	tsk_27	(x)	1	:	0.000000	0.000000	0.826475	0.166880	0.006645	0.000000
28	tsk_28	(x)	1	:	0.000000	0.173517	0.826482	0.000000	0.000000	0.000000
29	tsk_29	(x)	1	:	0.000000	0.000000	0.000000	0.242410	0.257590	0.500000
