0	tsk_0	(x)	1	:	0.000000	1.000000	0.000000	0.000000	0.000000	0.000000
1	tsk_1	(x)	1	:	0.000000	0.355880	0.260946	0.383175	0.000000	0.000000
2	tsk_2	(x)	1	:	0.000000	0.000000	0.902031	0.097969	0.000000	0.000000
3	tsk_3	(x)	1	:	0.000000	0.002106	0.997894	0.000000	0.000000	0.000000
4	tsk_4	(x)	1	:	0.000000	0.500000	0.000000	0.500000	0.000000	0.000000
5	tsk_5	(x)	1	:	0.000000	0.358112	0.256903	0.384984	0.000000	0.000000
6	tsk_6	(x)	1	:	0.000000	1.000000	0.000000	0.000000	0.000000	0.000000
7	tsk_7	(x)	1	:	0.000000	1.000000	0.000000	0.000000	0.000000	0.000000
8	tsk_8	(x)	1	:	0.000000	0.425726	0.134475	0.439798	0.000000	0.000000
9	tsk_9	(x)	1	:	0.000000	0.000000	0.902091	0.097909	0.000000	0.000000
10	tsk_10	(x)	1	:	0.000000	0.000000	0.000000	0.553590	0.000000	0.446410
11	tsk_11	(x)	1	:	0.000000	0.002087	0.997913	0.000000	0.000000	0.000000
12	tsk_12	(x)	1	:	0.499320	0.000000	0.000004	0.499989	0.000661	0.000026
13	tsk_13	(x)	1	:	0.000000	0.000000	0.000000	1.000000	0.000000	0.000000
14	tsk_14	(x)	1	:	0.000000	0.000000	0.000006	0.553580	0.000000	0.446414
15	tsk_15	(x)	1	:	0.000000	0.500000	0.000000	0.500000	0.000000	0.000000
16	tsk_16	(x)	1	:	0.553169	0.000000	0.000000	0.000000	0.000409	0.446422
17	tsk_17	(x)	1	:	0.000000	0.000008	0.633824	0.000002	0.000000	0.366165
18	tsk_18	(x)	1	:	0.000000	0.000000	0.000000	1.000000	0.000000	0.000000
19	tsk_19	(x)	1	:	0.000000	0.443698	0.103827	0.005464	0.000000	0.447011
20	tsk_20	(x)	1	:	0.000000	0.000000	0.000000	0.000000	0.000000	1.000000
21	tsk_21	(x)	1	:	0.000000	0.000000	0.000000	0.000000	0.000000	1.000000
22	tsk_22	(x)	1	:	0.000000	0.000000	0.000000	0.000000	1.000000	0.000000
23	tsk_23	(x)	1	:	1.000000	0.000000	0.000000	0.000000	0.000000	0.000000
24	tsk_24	(x)	1	:	0.553549	0.000000	0.000000	0.000000	0.000000	0.446451
25	tsk_25	(x)	1	:	0.000000	0.000000	0.000000	0.000000	1.000000	0.000000
26	tsk_26	(x)	1	:	0.553539	0.000000	0.000000	0.000000	0.000039	0.446422
27	tsk_27	(x)	1	:	0.552949	0.000000	0.000000	0.000000	0.000629	0.446422
28	tsk_28	(x)	1	:	0.994743	0.000000	0.000000	0.000000	0.005257	0.000000
29	tsk_29	(x)	1	:	0.997442	0.000000	0.000000	0.000000	0.002558	0.000000
