logL = -82.109619 (converged)
AIC = 256.219238
BIC = 320.674318

count.K
23 7 

