logL = -91.627195 (converged)
AIC = 271.254390
BIC = 332.907075

count.K
15 15 

