logL = -100.736536 (converged)
AIC = 509.473071
BIC = 725.257468

count.K
1 4 9 16 

