logL = -23.467386 (converged)
AIC = 336.934771
BIC = 540.108391

count.K
15 3 10 1 1 

