logL = -40.203476 (converged)
AIC = 400.406951
BIC = 624.598532

count.K
3 10 3 3 11 

