0	tsk_0	(x)	1	:	0.000000	0.000000	0.000000	0.000000	0.000000	1.000000
1	tsk_1	(x)	1	:	0.000000	0.508350	0.000000	0.000000	0.490736	0.000914
2	tsk_2	(x)	1	:	0.000000	0.508392	0.000000	0.000000	0.490734	0.000873
3	tsk_3	(x)	1	:	0.000000	0.000000	0.000000	0.000000	1.000000	0.000000
4	tsk_4	(x)	1	:	0.000000	0.000000	0.000000	0.000000	1.000000	0.000000
5	tsk_5	(x)	1	:	0.000000	0.000000	0.000000	0.000000	0.480781	0.519219
6	tsk_6	(x)	1	:	0.000000	0.508250	0.000000	0.000000	0.490739	0.001010
7	tsk_7	(x)	1	:	0.000000	0.000000	0.000000	0.000000	0.000000	1.000000
8	tsk_8	(x)	1	:	0.000000	0.000000	0.000000	0.000000	0.509544	0.490456
9	tsk_9	(x)	1	:	0.000000	0.508197	0.000000	0.000000	0.490741	0.001062
10	tsk_10	(x)	1	:	0.532648	0.000000	0.000000	0.467352	0.000000	0.000000
11	tsk_11	(x)	1	:	0.809558	0.000000	0.000000	0.190442	0.000000	0.000000
12	tsk_12	(x)	1	:	0.658029	0.000000	0.000000	0.341971	0.000000	0.000000
13	tsk_13	(x)	1	:	0.446143	0.000000	0.000000	0.053856	0.500001	0.000000
14	tsk_14	(x)	1	:	0.483010	0.000000	0.000000	0.516990	0.000000	0.000000
15	tsk_15	(x)	1	:	0.425864	0.000000	0.000000	0.074136	0.500000	0.000000
16	tsk_16	(x)	1	:	0.000000	0.000000	0.000000	0.000000	1.000000	0.000000
17	tsk_17	(x)	1	:	0.592874	0.000000	0.000000	0.407126	0.000000	0.000000
18	tsk_18	(x)	1	:	0.315237	0.000000	0.000000	0.184762	0.500000	0.000000
19	tsk_19	(x)	1	:	0.314601	0.000000	0.000000	0.185398	0.500000	0.000000
20	tsk_20	(x)	1	:	0.802178	0.000000	0.000000	0.197822	0.000000	0.000000
21	tsk_21	(x)	1	:	0.323818	0.000000	0.000000	0.676182	0.000000	0.000000
22	tsk_22	(x)	1	:	0.640956	0.000000	0.000000	0.359044	0.000000	0.000000
23	tsk_23	(x)	1	:	0.481919	0.000000	0.000000	0.518081	0.000000	0.000000
24	tsk_24	(x)	1	:	0.457769	0.000000	0.000000	0.542231	0.000000	0.000000
25	tsk_25	(x)	1	:	0.000060	0.000000	0.999880	0.000060	0.000000	0.000000
26	tsk_26	(x)	1	:	0.417962	0.000000	0.000000	0.582038	0.000000	0.000000
27	tsk_27	(x)	1	:	0.658546	0.000000	0.000000	0.341453	0.000000	0.000000
28	tsk_28	(x)	1	:	0.495104	0.000000	0.000000	0.504896	0.000000	0.000000
29	tsk_29	(x)	1	:	0.697793	0.000000	0.000000	0.302207	0.000000	0.000000
