logL = -97.876780 (converged)
AIC = 627.753561
BIC = 930.412195

count.K
5 1 6 6 6 6 

