logL = -37.765121 (converged)
AIC = 435.530242
BIC = 687.745771

count.K
5 5 11 4 3 2 

