logL = -99.560163 (converged)
AIC = 391.120326
BIC = 525.635275

count.K
13 6 11 

