logL = -63.858507 (converged)
AIC = 277.717013
BIC = 382.806817

count.K
12 12 6 

