logL = -110.439392 (converged)
AIC = 610.878785
BIC = 884.112274

count.K
4 11 1 12 2 

