logL = -31.468290 (converged)
AIC = 482.936579
BIC = 777.188030

count.K
6 3 10 5 4 2 

