logL = -67.048201 (converged)
AIC = 378.096401
BIC = 549.042482

count.K
5 11 5 9 

