logL = -55.951982 (converged)
AIC = 507.903964
BIC = 785.341045

count.K
10 5 1 3 3 8 

