logL = -129.654838 (converged)
AIC = 519.309675
BIC = 701.465335

count.K
10 10 4 6 

