logL = -40.116453 (converged)
AIC = 292.232905
BIC = 440.759828

count.K
6 2 11 11 

