0	tsk_0	(x)	1	:	0.000000	0.684594	0.000000	0.315405	0.000000	0.000001
1	tsk_1	(x)	1	:	0.000000	0.471988	0.000000	0.528009	0.000000	0.000002
2	tsk_2	(x)	1	:	0.000000	0.548334	0.000000	0.029979	0.000000	0.421686
3	tsk_3	(x)	1	:	0.000000	0.295404	0.000000	0.704594	0.000000	0.000001
4	tsk_4	(x)	1	:	0.000000	0.338160	0.000000	0.661839	0.000000	0.000000
5	tsk_5	(x)	1	:	0.000000	0.498412	0.000000	0.079893	0.000000	0.421695
6	tsk_6	(x)	1	:	0.000000	0.364129	0.000000	0.635870	0.000000	0.000001
7	tsk_7	(x)	1	:	0.000000	0.178921	0.000000	0.821075	0.000000	0.000004
8	tsk_8	(x)	1	:	0.000000	0.000392	0.006405	0.000049	0.433696	0.559457
9	tsk_9	(x)	1	:	0.000000	0.549240	0.000000	0.029074	0.000000	0.421686
10	tsk_10	(x)	1	:	0.000000	0.000000	0.625309	0.000000	0.374691	0.000000
11	tsk_11	(x)	1	:	0.000000	0.000000	0.611524	0.000000	0.388476	0.000000
12	tsk_12	(x)	1	:	0.000000	0.000000	0.725550	0.000000	0.274450	0.000000
13	tsk_13	(x)	1	:	0.000000	0.000000	0.553186	0.000000	0.446814	0.000000
14	tsk_14	(x)	1	:	0.000000	0.000000	0.719634	0.000001	0.280365	0.000000
15	tsk_15	(x)	1	:	0.000000	0.000000	0.624000	0.000001	0.375999	0.000000
16	tsk_16	(x)	1	:	0.000000	0.000000	0.755709	0.000000	0.244291	0.000000
17	tsk_17	(x)	1	:	0.000000	0.000000	0.752112	0.000000	0.247887	0.000000
18	tsk_18	(x)	1	:	0.000000	0.000000	0.702853	0.000000	0.297147	0.000000
19	tsk_19	(x)	1	:	0.000000	0.204477	0.391839	0.295517	0.108165	0.000001
20	tsk_20	(x)	1	:	1.000000	0.000000	0.000000	0.000000	0.000000	0.000000
21	tsk_21	(x)	1	:	1.000000	0.000000	0.000000	0.000000	0.000000	0.000000
22	tsk_22	(x)	1	:	1.000000	0.000000	0.000000	0.000000	0.000000	0.000000
23	tsk_23	(x)	1	:	1.000000	0.000000	0.000000	0.000000	0.000000	0.000000
24	tsk_24	(x)	1	:	0.496950	0.000000	0.377589	0.000001	0.125460	0.000000
25	tsk_25	(x)	1	:	1.000000	0.000000	0.000000	0.000000	0.000000	0.000000
26	tsk_26	(x)	1	:	1.000000	0.000000	0.000000	0.000000	0.000000	0.000000
27	tsk_27	(x)	1	:	0.496950	0.000000	0.308453	0.000000	0.194597	0.000000
28	tsk_28	(x)	1	:	1.000000	0.000000	0.000000	0.000000	0.000000	0.000000
29	tsk_29	(x)	1	:	0.496950	0.000000	0.147452	0.000000	0.355598	0.000000
