logL = -46.486021 (converged)
AIC = 372.972042
BIC = 569.139676

count.K
10 2 6 7 5 

