logL = -57.201684 (converged)
AIC = 190.403368
BIC = 243.648868

count.K
13 17 

