logL = -42.909826 (converged)
AIC = 433.819653
BIC = 677.627997

count.K
3 3 4 9 3 8 

