logL = -11.091330 (converged)
AIC = 358.182659
BIC = 593.583819

count.K
7 8 3 1 7 4 

