logL = -48.511165 (converged)
AIC = 553.022330
BIC = 872.495333

count.K
4 7 1 2 7 9 

