logL = -48.520348 (converged)
AIC = 407.040696
BIC = 624.226290

count.K
3 0 10 10 7 

