logL = -89.966303 (converged)
AIC = 539.932606
BIC = 792.148135

count.K
13 7 7 2 1 

