logL = -103.721093 (converged)
AIC = 299.442186
BIC = 363.897265

count.K
17 13 

