logL = -60.665173 (converged)
AIC = 201.330347
BIC = 257.378242

count.K
18 12 

