logL = -57.922729 (converged)
AIC = 359.845459
BIC = 530.791539

count.K
2 17 5 6 

