logL = -17.260126 (converged)
AIC = 334.520252
BIC = 544.699859

count.K
1 4 15 10 

