logL = -252.707724 (not converged)
AIC = 527.415448
BIC = 542.828619

count.K
30 

