logL = -29.112235 (converged)
AIC = 294.224469
BIC = 459.565760

count.K
8 10 0 12 

