0	tsk_0	(x)	1	:	0.000000	0.492794	0.507206	0.000000
1	tsk_1	(x)	1	:	0.000000	0.240473	0.759527	0.000000
2	tsk_2	(x)	1	:	0.000000	0.493899	0.506101	0.000000
3	tsk_3	(x)	1	:	0.000000	0.114777	0.362546	0.522677
4	tsk_4	(x)	1	:	0.000000	0.492446	0.507554	0.000000
5	tsk_5	(x)	1	:	0.000000	0.747424	0.252575	0.000000
6	tsk_6	(x)	1	:	0.000000	0.492808	0.507192	0.000000
7	tsk_7	(x)	1	:	0.000000	0.663030	0.336970	0.000000
8	tsk_8	(x)	1	:	0.000000	0.747424	0.252575	0.000000
9	tsk_9	(x)	1	:	0.000000	0.191731	0.808269	0.000000
10	tsk_10	(x)	1	:	0.000000	0.000000	0.277736	0.722264
11	tsk_11	(x)	1	:	0.000000	0.000000	0.277736	0.722264
12	tsk_12	(x)	1	:	0.000000	0.000000	1.000000	0.000000
13	tsk_13	(x)	1	:	0.000000	0.747424	0.252575	0.000000
14	tsk_14	(x)	1	:	0.000000	0.747424	0.252575	0.000000
15	tsk_15	(x)	1	:	0.000000	1.000000	0.000000	0.000000
16	tsk_16	(x)	1	:	0.000000	0.747766	0.252234	0.000000
17	tsk_17	(x)	1	:	0.000000	0.119373	0.158574	0.722053
18	tsk_18	(x)	1	:	0.000000	0.119373	0.158574	0.722053
19	tsk_19	(x)	1	:	0.000000	0.492794	0.507206	0.000000
20	tsk_20	(x)	1	:	0.500006	0.344145	0.155841	0.000009
21	tsk_21	(x)	1	:	1.000000	0.000000	0.000000	0.000000
22	tsk_22	(x)	1	:	1.000000	0.000000	0.000000	0.000000
23	tsk_23	(x)	1	:	1.000000	0.000000	0.000000	0.000000
24	tsk_24	(x)	1	:	0.500017	0.345462	0.154496	0.000025
25	tsk_25	(x)	1	:	1.000000	0.000000	0.000000	0.000000
26	tsk_26	(x)	1	:	0.500000	0.343279	0.156721	0.000000
27	tsk_27	(x)	1	:	0.000000	0.323204	0.676796	0.000000
28	tsk_28	(x)	1	:	0.000000	0.391599	0.608401	0.000000
29	tsk_29	(x)	1	:	0.500038	0.265234	0.234674	0.000054
