logL = -153.046405 (converged)
AIC = 528.092810
BIC = 683.625720

count.K
4 11 15 

