logL = -82.893212 (converged)
AIC = 351.786424
BIC = 482.097780

count.K
18 6 6 

