logL = -140.021607 (converged)
AIC = 520.043214
BIC = 688.186900

count.K
17 12 1 

