logL = -42.254412 (converged)
AIC = 424.508825
BIC = 662.712380

count.K
12 5 4 0 9 

