logL = -87.373262 (converged)
AIC = 654.746523
BIC = 991.033895

count.K
10 10 5 1 1 3 

