logL = -83.812007 (converged)
AIC = 435.624015
BIC = 623.384464

count.K
5 3 9 13 

