logL = -105.366064 (converged)
AIC = 714.732128
BIC = 1067.833869

count.K
9 2 9 2 4 4 

