0	tsk_0	(x)	1	:	0.000000	0.000000	1.000000	0.000000	0.000000
1	tsk_1	(x)	1	:	0.189220	0.000000	0.437181	0.162144	0.211455
2	tsk_2	(x)	1	:	0.000000	0.000000	1.000000	0.000000	0.000000
3	tsk_3	(x)	1	:	0.000000	0.000000	0.437181	0.261103	0.301716
4	tsk_4	(x)	1	:	0.000000	0.000000	1.000000	0.000000	0.000000
5	tsk_5	(x)	1	:	0.191847	0.000000	0.437168	0.370985	0.000000
6	tsk_6	(x)	1	:	0.000000	0.000000	1.000000	0.000000	0.000000
7	tsk_7	(x)	1	:	0.277101	0.000000	0.000000	0.216201	0.506697
8	tsk_8	(x)	1	:	0.000000	0.000000	1.000000	0.000000	0.000000
9	tsk_9	(x)	1	:	0.000000	0.000000	1.000000	0.000000	0.000000
10	tsk_10	(x)	1	:	0.181199	0.000000	0.000000	0.467728	0.351073
11	tsk_11	(x)	1	:	0.337997	0.000000	0.000000	0.000000	0.662003
12	tsk_12	(x)	1	:	0.157224	0.000000	0.437175	0.000000	0.405601
13	tsk_13	(x)	1	:	0.089079	0.000000	0.000000	0.694003	0.216918
14	tsk_14	(x)	1	:	0.124107	0.000000	0.000000	0.634346	0.241547
15	tsk_15	(x)	1	:	0.328067	0.000000	0.000000	0.509069	0.162865
16	tsk_16	(x)	1	:	0.128629	0.000000	0.000000	0.488524	0.382848
17	tsk_17	(x)	1	:	0.099858	0.000000	0.000000	0.329901	0.570241
18	tsk_18	(x)	1	:	0.228745	0.000000	0.000000	0.577453	0.193802
19	tsk_19	(x)	1	:	0.058753	0.000000	0.000000	0.681884	0.259364
20	tsk_20	(x)	1	:	0.058702	0.000000	0.000000	0.627434	0.313863
21	tsk_21	(x)	1	:	0.071458	0.000000	0.000000	0.616217	0.312325
22	tsk_22	(x)	1	:	0.350137	0.000000	0.000000	0.000000	0.649863
23	tsk_23	(x)	1	:	0.097778	0.000000	0.000000	0.261710	0.640512
24	tsk_24	(x)	1	:	0.170630	0.000000	0.000000	0.680747	0.148622
25	tsk_25	(x)	1	:	0.567249	0.000000	0.000000	0.251922	0.180829
26	tsk_26	(x)	1	:	0.091414	0.000000	0.000000	0.515670	0.392916
27	tsk_27	(x)	1	:	0.175704	0.000000	0.000000	0.468473	0.355823
28	tsk_28	(x)	1	:	0.142342	0.000000	0.000000	0.387866	0.469792
29	tsk_29	(x)	1	:	0.185550	0.000000	0.000000	0.457151	0.357299
