logL = -83.690226 (converged)
AIC = 419.380452
BIC = 595.931323

count.K
9 2 0 19 

