logL = -91.796339 (converged)
AIC = 303.592677
BIC = 387.664520

count.K
19 11 

