logL = -40.806495 (converged)
AIC = 161.612990
BIC = 217.660885

count.K
8 22 

