logL = -96.476029 (converged)
AIC = 572.952057
BIC = 839.179560

count.K
1 0 10 13 6 

