0	tsk_0	(x)	1	:	0.000000	0.559881	0.287529	0.152590	0.000000
1	tsk_1	(x)	1	:	0.000000	0.384741	0.521763	0.093496	0.000000
2	tsk_2	(x)	1	:	0.000000	0.418223	0.378424	0.203353	0.000000
3	tsk_3	(x)	1	:	0.000000	0.654834	0.225779	0.119387	0.000000
4	tsk_4	(x)	1	:	0.000000	0.413975	0.430149	0.155876	0.000000
5	tsk_5	(x)	1	:	0.000000	0.437554	0.298473	0.263974	0.000000
6	tsk_6	(x)	1	:	0.000000	0.495858	0.444955	0.059187	0.000000
7	tsk_7	(x)	1	:	0.000000	0.784022	0.215978	0.000000	0.000000
8	tsk_8	(x)	1	:	0.000000	0.513736	0.347640	0.138624	0.000000
9	tsk_9	(x)	1	:	0.000000	0.617474	0.000000	0.382526	0.000000
10	tsk_10	(x)	1	:	0.000000	0.580380	0.133880	0.285740	0.000000
11	tsk_11	(x)	1	:	0.000000	0.420030	0.477098	0.102873	0.000000
12	tsk_12	(x)	1	:	0.000000	0.579305	0.000000	0.420695	0.000000
13	tsk_13	(x)	1	:	0.000000	0.218431	0.453657	0.327912	0.000000
14	tsk_14	(x)	1	:	0.374997	0.173252	0.352510	0.099234	0.000008
15	tsk_15	(x)	1	:	0.000000	0.584095	0.202390	0.213515	0.000000
16	tsk_16	(x)	1	:	0.000000	0.536021	0.365951	0.098028	0.000000
17	tsk_17	(x)	1	:	0.000000	0.648582	0.112326	0.239091	0.000000
18	tsk_18	(x)	1	:	0.000000	0.675196	0.156395	0.168409	0.000000
19	tsk_19	(x)	1	:	0.000000	0.465711	0.421592	0.112696	0.000000
20	tsk_20	(x)	1	:	0.000000	0.004102	0.006878	0.003311	0.985709
21	tsk_21	(x)	1	:	0.000866	0.009696	0.133610	0.007974	0.847854
22	tsk_22	(x)	1	:	0.500000	0.100946	0.135268	0.263785	0.000001
23	tsk_23	(x)	1	:	0.400486	0.017088	0.050867	0.286162	0.245398
24	tsk_24	(x)	1	:	0.000000	0.438671	0.223018	0.195197	0.143113
25	tsk_25	(x)	1	:	0.400486	0.001743	0.002318	0.350056	0.245397
26	tsk_26	(x)	1	:	0.031640	0.009203	0.170219	0.088992	0.699946
27	tsk_27	(x)	1	:	0.500000	0.130415	0.145047	0.224537	0.000001
28	tsk_28	(x)	1	:	1.000000	0.000000	0.000000	0.000000	0.000000
29	tsk_29	(x)	1	:	1.000000	0.000000	0.000000	0.000000	0.000000
