logL = -41.438711 (converged)
AIC = 318.877422
BIC = 484.218713

count.K
15 10 4 1 

