logL = -51.334815 (converged)
AIC = 182.669629
BIC = 238.717524

count.K
4 26 

