logL = -66.751023 (converged)
AIC = 553.502045
BIC = 847.753496

count.K
14 1 1 9 2 3 

