logL = -127.940863 (converged)
AIC = 539.881727
BIC = 738.851755

count.K
7 3 12 8 

