logL = -149.744845 (converged)
AIC = 407.489691
BIC = 483.154350

count.K
14 16 

