logL = -119.327571 (converged)
AIC = 338.655141
BIC = 408.715011

count.K
21 9 

