logL = -15.568421 (converged)
AIC = 379.136842
BIC = 622.945186

count.K
5 10 1 12 0 2 

