logL = -61.739561 (converged)
AIC = 279.479121
BIC = 388.772517

count.K
3 10 17 

