0	tsk_0	(x)	1	:	0.000000	0.373802	0.000000	0.499971	0.000025	0.126202
1	tsk_1	(x)	1	:	0.000000	1.000000	0.000000	0.000000	0.000000	0.000000
2	tsk_2	(x)	1	:	0.499965	0.302067	0.000000	0.000000	0.000030	0.197938
3	tsk_3	(x)	1	:	0.000000	0.000000	0.000000	0.000000	0.000000	1.000000
4	tsk_4	(x)	1	:	0.256935	0.500010	0.000000	0.242972	0.000083	0.000000
5	tsk_5	(x)	1	:	0.364677	0.000000	0.000000	0.135323	0.000000	0.500000
6	tsk_6	(x)	1	:	0.000000	0.000000	0.000000	0.999962	0.000038	0.000000
7	tsk_7	(x)	1	:	0.000000	0.278600	0.000000	0.500000	0.000000	0.221400
8	tsk_8	(x)	1	:	0.001954	0.257397	0.499014	0.000000	0.000000	0.241634
9	tsk_9	(x)	1	:	0.000000	1.000000	0.000000	0.000000	0.000000	0.000000
10	tsk_10	(x)	1	:	0.000000	0.000000	0.000000	1.000000	0.000000	0.000000
11	tsk_11	(x)	1	:	0.297203	0.000000	0.000000	0.702790	0.000007	0.000000
12	tsk_12	(x)	1	:	0.148137	0.000000	0.500001	0.351863	0.000000	0.000000
13	tsk_13	(x)	1	:	0.312859	0.000000	0.500001	0.187141	0.000000	0.000000
14	tsk_14	(x)	1	:	0.227162	0.000000	0.500001	0.272838	0.000000	0.000000
15	tsk_15	(x)	1	:	0.999988	0.000000	0.000000	0.000000	0.000012	0.000000
16	tsk_16	(x)	1	:	0.375215	0.000000	0.000000	0.124720	0.000055	0.500009
17	tsk_17	(x)	1	:	0.000000	0.000000	1.000000	0.000000	0.000000	0.000000
18	tsk_18	(x)	1	:	0.460933	0.000000	0.000000	0.539056	0.000011	0.000000
19	tsk_19	(x)	1	:	0.000000	0.000000	0.500003	0.499982	0.000015	0.000000
20	tsk_20	(x)	1	:	0.000000	0.000000	0.000000	0.999994	0.000006	0.000000
21	tsk_21	(x)	1	:	0.000000	0.000000	0.000000	0.999994	0.000006	0.000000
22	tsk_22	(x)	1	:	0.457483	0.000000	0.000000	0.542506	0.000010	0.000000
23	tsk_23	(x)	1	:	0.000000	0.000000	0.000000	0.999979	0.000021	0.000000
24	tsk_24	(x)	1	:	0.458133	0.000000	0.000000	0.541857	0.000010	0.000000
25	tsk_25	(x)	1	:	0.458779	0.000000	0.000000	0.541211	0.000011	0.000000
26	tsk_26	(x)	1	:	0.000000	0.000000	0.000000	0.999980	0.000020	0.000000
27	tsk_27	(x)	1	:	0.000324	0.000000	0.000000	0.000385	0.999291	0.000000
28	tsk_28	(x)	1	:	0.000000	0.000000	0.000000	0.000000	1.000000	0.000000
29	tsk_29	(x)	1	:	0.000000	0.000000	0.000000	0.999990	0.000009	0.000000
