logL = -39.220737 (converged)
AIC = 198.441475
BIC = 282.513318

count.K
20 10 

