logL = -20.442576 (converged)
AIC = 184.885151
BIC = 285.771363

count.K
19 10 1 

