logL = -47.155937 (converged)
AIC = 414.311873
BIC = 638.503454

count.K
1 11 0 8 10 

