logL = -87.336722 (converged)
AIC = 582.673443
BIC = 868.517709

count.K
3 0 17 1 7 2 

