logL = -22.180738 (converged)
AIC = 404.361476
BIC = 656.577004

count.K
11 2 5 7 2 3 

