logL = -56.870228 (converged)
AIC = 373.740456
BIC = 555.896116

count.K
4 9 8 9 

