logL = -111.175234 (converged)
AIC = 374.350468
BIC = 480.841469

count.K
19 11 

