logL = -148.176591 (converged)
AIC = 408.353183
BIC = 486.820236

count.K
14 16 

