logL = -57.566763 (converged)
AIC = 511.133525
BIC = 788.570607

count.K
1 7 7 8 4 3 

