0	tsk_0	(x)	1	:	0.269195	0.238026	0.000000	0.000000	0.000000	0.492779
1	tsk_1	(x)	1	:	0.115006	0.884994	0.000000	0.000000	0.000000	0.000000
2	tsk_2	(x)	1	:	0.221829	0.285390	0.000000	0.000000	0.000000	0.492781
3	tsk_3	(x)	1	:	0.429418	0.077803	0.000000	0.000000	0.000000	0.492779
4	tsk_4	(x)	1	:	0.000000	0.000000	0.000000	0.000037	0.000000	0.999963
5	tsk_5	(x)	1	:	0.000000	0.000000	0.000000	0.000023	0.000000	0.999977
6	tsk_6	(x)	1	:	0.000000	1.000000	0.000000	0.000000	0.000000	0.000000
7	tsk_7	(x)	1	:	0.041204	0.958795	0.000000	0.000000	0.000000	0.000000
8	tsk_8	(x)	1	:	1.000000	0.000000	0.000000	0.000000	0.000000	0.000000
9	tsk_9	(x)	1	:	0.367855	0.139368	0.000000	0.000000	0.000000	0.492776
10	tsk_10	(x)	1	:	0.745342	0.254658	0.000000	0.000000	0.000000	0.000000
11	tsk_11	(x)	1	:	0.301192	0.698808	0.000000	0.000000	0.000000	0.000000
12	tsk_12	(x)	1	:	0.261064	0.738936	0.000000	0.000000	0.000000	0.000000
13	tsk_13	(x)	1	:	0.383906	0.616094	0.000000	0.000000	0.000000	0.000000
14	tsk_14	(x)	1	:	0.011215	0.188818	0.799966	0.000000	0.000000	0.000000
15	tsk_15	(x)	1	:	0.331200	0.668800	0.000000	0.000000	0.000000	0.000000
16	tsk_16	(x)	1	:	0.383006	0.616994	0.000000	0.000000	0.000000	0.000000
17	tsk_17	(x)	1	:	0.000000	0.000000	0.000000	1.000000	0.000000	0.000000
18	tsk_18	(x)	1	:	0.213545	0.786455	0.000000	0.000000	0.000000	0.000000
19	tsk_19	(x)	1	:	0.500003	0.000000	0.000000	0.499997	0.000000	0.000000
20	tsk_20	(x)	1	:	0.379664	0.120338	0.000000	0.499999	0.000000	0.000000
21	tsk_21	(x)	1	:	0.000000	0.000000	0.000000	1.000000	0.000000	0.000000
22	tsk_22	(x)	1	:	0.246452	0.253549	0.000000	0.499999	0.000000	0.000000
23	tsk_23	(x)	1	:	0.000000	0.000000	0.000000	0.517163	0.000000	0.482837
24	tsk_24	(x)	1	:	0.000000	0.000000	0.000000	1.000000	0.000000	0.000000
25	tsk_25	(x)	1	:	0.000000	0.000000	0.000000	1.000000	0.000000	0.000000
26	tsk_26	(x)	1	:	0.000000	0.000000	0.000000	1.000000	0.000000	0.000000
27	tsk_27	(x)	1	:	0.000000	0.000000	0.000000	1.000000	0.000000	0.000000
28	tsk_28	(x)	1	:	0.000000	0.000000	0.000000	1.000000	0.000000	0.000000
29	tsk_29	(x)	1	:	0.000001	0.000000	0.000000	0.499946	0.499974	0.000079
