0	tsk_0	(x)	1	:	0.000000	0.756910	0.000000	0.000000	0.000000	0.243090
1	tsk_1	(x)	1	:	0.000000	0.502021	0.331758	0.000000	0.000000	0.166222
2	tsk_2	(x)	1	:	0.000000	0.000000	0.493551	0.000000	0.000000	0.506449
3	tsk_3	(x)	1	:	0.000000	0.407887	0.395613	0.000000	0.000000	0.196500
4	tsk_4	(x)	1	:	0.000000	0.673953	0.000000	0.000000	0.000000	0.326047
5	tsk_5	(x)	1	:	0.000000	0.256955	0.491152	0.000000	0.000000	0.251893
6	tsk_6	(x)	1	:	0.000000	0.203174	0.394604	0.000000	0.000000	0.402222
7	tsk_7	(x)	1	:	0.000000	0.341588	0.658412	0.000000	0.000000	0.000000
8	tsk_8	(x)	1	:	0.000000	0.253852	0.243469	0.000000	0.000000	0.502678
9	tsk_9	(x)	1	:	0.000000	0.000000	1.000000	0.000000	0.000000	0.000000
10	tsk_10	(x)	1	:	1.000000	0.000000	0.000000	0.000000	0.000000	0.000000
11	tsk_11	(x)	1	:	1.000000	0.000000	0.000000	0.000000	0.000000	0.000000
12	tsk_12	(x)	1	:	0.000000	0.000000	0.494759	0.000000	0.000000	0.505241
13	tsk_13	(x)	1	:	1.000000	0.000000	0.000000	0.000000	0.000000	0.000000
14	tsk_14	(x)	1	:	0.000000	0.272533	0.000000	0.499839	0.000000	0.227628
15	tsk_15	(x)	1	:	0.000000	0.000000	0.000000	1.000000	0.000000	0.000000
16	tsk_16	(x)	1	:	1.000000	0.000000	0.000000	0.000000	0.000000	0.000000
17	tsk_17	(x)	1	:	0.000000	0.000000	0.393526	0.000000	0.000000	0.606474
18	tsk_18	(x)	1	:	0.000000	0.000000	0.000000	0.000000	0.000000	1.000000
19	tsk_19	(x)	1	:	0.382649	0.164229	0.172416	0.117444	0.000000	0.163262
20	tsk_20	(x)	1	:	0.000000	0.402352	0.398241	0.000000	0.000000	0.199407
21	tsk_21	(x)	1	:	0.000000	0.000000	0.665323	0.000000	0.000000	0.334676
22	tsk_22	(x)	1	:	0.000000	0.245834	0.000000	0.000000	0.000000	0.754166
23	tsk_23	(x)	1	:	0.000000	0.503882	0.163754	0.000000	0.000000	0.332364
24	tsk_24	(x)	1	:	0.000000	0.518244	0.481756	0.000000	0.000000	0.000000
25	tsk_25	(x)	1	:	0.000000	0.203180	0.595724	0.000000	0.000000	0.201095
26	tsk_26	(x)	1	:	0.000000	0.000000	0.000000	0.000000	0.999114	0.000886
27	tsk_27	(x)	1	:	0.000000	0.000000	0.392912	0.000000	0.000000	0.607088
28	tsk_28	(x)	1	:	0.000000	0.000000	0.001755	0.000000	0.997542	0.000703
29	tsk_29	(x)	1	:	0.000000	0.256727	0.494134	0.000000	0.000000	0.249139
