logL = -141.174380 (converged)
AIC = 378.348760
BIC = 445.606235

count.K
10 20 

