logL = -34.659554 (converged)
AIC = 207.319109
BIC = 304.001728

count.K
23 5 2 

