logL = -39.658354 (converged)
AIC = 355.316708
BIC = 548.681947

count.K
1 5 15 9 

