logL = -25.210702 (converged)
AIC = 270.421405
BIC = 424.553117

count.K
14 7 2 7 

