logL = -56.688369 (converged)
AIC = 281.376738
BIC = 399.077318

count.K
15 15 0 

