logL = -13.862948 (converged)
AIC = 223.725895
BIC = 361.043239

count.K
8 12 4 6 

