logL = -22.416228 (converged)
AIC = 182.832456
BIC = 279.515076

count.K
6 15 9 

