logL = -191.454350 (converged)
AIC = 498.908700
BIC = 580.178148

count.K
14 16 

