logL = -40.203034 (converged)
AIC = 428.406067
BIC = 672.214412

count.K
2 7 2 10 2 7 

