logL = -28.162967 (converged)
AIC = 452.325934
BIC = 729.763016

count.K
2 8 10 6 0 4 

