logL = -25.769673 (converged)
AIC = 371.539347
BIC = 595.730928

count.K
21 3 2 2 2 

