0	tsk_0	(x)	1	:	0.348528	0.000000	0.000000	0.651472	0.000000
1	tsk_1	(x)	1	:	0.000000	1.000000	0.000000	0.000000	0.000000
2	tsk_2	(x)	1	:	0.033441	0.000000	0.327351	0.639207	0.000000
3	tsk_3	(x)	1	:	0.188562	0.000000	0.000000	0.811438	0.000000
4	tsk_4	(x)	1	:	0.168991	0.500001	0.000000	0.331007	0.000000
5	tsk_5	(x)	1	:	0.259187	0.000000	0.000000	0.740813	0.000000
6	tsk_6	(x)	1	:	0.000000	0.500002	0.000000	0.499998	0.000000
7	tsk_7	(x)	1	:	0.254662	0.000000	0.000000	0.745338	0.000000
8	tsk_8	(x)	1	:	0.000000	1.000000	0.000000	0.000000	0.000000
9	tsk_9	(x)	1	:	0.260117	0.000000	0.000000	0.739883	0.000000
10	tsk_10	(x)	1	:	0.174182	0.000000	0.000000	0.825818	0.000000
11	tsk_11	(x)	1	:	0.264260	0.000000	0.000000	0.735740	0.000000
12	tsk_12	(x)	1	:	0.253479	0.000000	0.000000	0.746521	0.000000
13	tsk_13	(x)	1	:	0.205055	0.000000	0.000000	0.794945	0.000000
14	tsk_14	(x)	1	:	0.056511	0.000000	0.000000	0.943489	0.000000
15	tsk_15	(x)	1	:	0.259187	0.000000	0.000000	0.740813	0.000000
16	tsk_16	(x)	1	:	0.000000	0.000000	0.000000	0.000000	1.000000
17	tsk_17	(x)	1	:	0.385531	0.000000	0.000000	0.041424	0.573045
18	tsk_18	(x)	1	:	0.322848	0.000000	0.000000	0.677152	0.000000
19	tsk_19	(x)	1	:	0.260295	0.000000	0.000000	0.739705	0.000000
20	tsk_20	(x)	1	:	0.000000	0.000000	0.000000	0.000000	1.000000
21	tsk_21	(x)	1	:	0.000000	0.000000	0.999999	0.000000	0.000001
22	tsk_22	(x)	1	:	0.050965	0.000000	0.473792	0.031448	0.443794
23	tsk_23	(x)	1	:	0.000000	0.000000	0.999999	0.000000	0.000001
24	tsk_24	(x)	1	:	0.072494	0.000000	0.473163	0.010831	0.443512
25	tsk_25	(x)	1	:	0.072752	0.000000	0.471079	0.013589	0.442580
26	tsk_26	(x)	1	:	0.000000	0.000000	1.000000	0.000000	0.000000
27	tsk_27	(x)	1	:	0.058403	0.000000	0.472633	0.025689	0.443275
28	tsk_28	(x)	1	:	0.000000	0.000000	0.999998	0.000000	0.000002
29	tsk_29	(x)	1	:	0.000000	0.000000	0.000000	0.000000	1.000000
