logL = -124.212603 (converged)
AIC = 348.425205
BIC = 418.485074

count.K
20 10 

