0	tsk_0	(x)	1	:	0.000000	1.000000	0.000000	0.000000	0.000000
1	tsk_1	(x)	1	:	0.386802	0.490141	0.000000	0.000000	0.123057
2	tsk_2	(x)	1	:	0.000000	0.548814	0.000000	0.000000	0.451186
3	tsk_3	(x)	1	:	0.000000	1.000000	0.000000	0.000000	0.000000
4	tsk_4	(x)	1	:	0.408663	0.000000	0.000000	0.000000	0.591337
5	tsk_5	(x)	1	:	0.195251	0.490123	0.000000	0.000000	0.314626
6	tsk_6	(x)	1	:	0.232967	0.000000	0.000000	0.000000	0.767033
7	tsk_7	(x)	1	:	0.000000	1.000000	0.000000	0.000000	0.000000
8	tsk_8	(x)	1	:	0.000000	1.000000	0.000000	0.000000	0.000000
9	tsk_9	(x)	1	:	0.000000	1.000000	0.000000	0.000000	0.000000
10	tsk_10	(x)	1	:	0.213478	0.000000	0.000000	0.000000	0.786522
11	tsk_11	(x)	1	:	0.403602	0.000000	0.000000	0.000000	0.596398
12	tsk_12	(x)	1	:	0.374962	0.000000	0.000000	0.000000	0.625038
13	tsk_13	(x)	1	:	0.322137	0.000000	0.000000	0.000000	0.677863
14	tsk_14	(x)	1	:	0.256117	0.000000	0.000000	0.000000	0.743883
15	tsk_15	(x)	1	:	0.845296	0.000000	0.000000	0.000000	0.154704
16	tsk_16	(x)	1	:	0.402704	0.000000	0.000000	0.000000	0.597296
17	tsk_17	(x)	1	:	0.000234	0.000000	0.000000	0.997834	0.001931
18	tsk_18	(x)	1	:	0.333635	0.000000	0.000000	0.000000	0.666365
19	tsk_19	(x)	1	:	0.396475	0.000000	0.000000	0.000000	0.603525
20	tsk_20	(x)	1	:	0.402771	0.000000	0.000000	0.000000	0.597229
21	tsk_21	(x)	1	:	0.411870	0.000000	0.000000	0.000000	0.588130
22	tsk_22	(x)	1	:	0.409039	0.000000	0.000000	0.000000	0.590961
23	tsk_23	(x)	1	:	0.484588	0.000000	0.000000	0.000000	0.515412
24	tsk_24	(x)	1	:	0.000000	0.000000	0.000000	0.000000	1.000000
25	tsk_25	(x)	1	:	0.122093	0.000000	0.000000	0.000000	0.877907
26	tsk_26	(x)	1	:	0.376088	0.000000	0.000000	0.000000	0.623912
27	tsk_27	(x)	1	:	0.480362	0.000000	0.000000	0.000000	0.519638
28	tsk_28	(x)	1	:	0.000266	0.000000	0.999157	0.000001	0.000576
29	tsk_29	(x)	1	:	0.318771	0.000000	0.000000	0.000000	0.681229
