logL = -19.127895 (converged)
AIC = 386.255790
BIC = 630.064134

count.K
3 1 3 12 7 4 

