logL = -102.097212 (converged)
AIC = 420.194424
BIC = 571.523741

count.K
9 20 1 

