logL = -22.180731 (converged)
AIC = 416.361462
BIC = 676.984175

count.K
2 1 12 3 5 7 

