0	tsk_0	(x)	1	:	0.000000	0.000000	0.000000	0.724699	0.275301
1	tsk_1	(x)	1	:	0.000000	0.000000	0.000000	0.549969	0.450031
2	tsk_2	(x)	1	:	0.000000	0.000000	0.000000	0.560062	0.439938
3	tsk_3	(x)	1	:	0.000000	0.000000	0.000000	0.473880	0.526120
4	tsk_4	(x)	1	:	0.000000	0.000000	0.000000	1.000000	0.000000
5	tsk_5	(x)	1	:	0.000000	0.000000	0.000000	0.279360	0.720640
6	tsk_6	(x)	1	:	0.000000	0.000000	0.000000	0.655834	0.344166
7	tsk_7	(x)	1	:	0.000000	0.000000	0.000000	0.548928	0.451072
8	tsk_8	(x)	1	:	0.000000	0.000000	0.000000	0.370169	0.629831
9	tsk_9	(x)	1	:	0.000000	0.000000	0.000000	0.000000	1.000000
10	tsk_10	(x)	1	:	0.053714	0.022371	0.427137	0.000000	0.496778
11	tsk_11	(x)	1	:	0.000000	0.682911	0.000000	0.152894	0.164196
12	tsk_12	(x)	1	:	0.000000	0.000000	0.000000	0.752842	0.247158
13	tsk_13	(x)	1	:	0.000000	0.682911	0.000000	0.193176	0.123913
14	tsk_14	(x)	1	:	0.000000	0.682911	0.000000	0.072510	0.244579
15	tsk_15	(x)	1	:	0.000000	0.682911	0.000000	0.160783	0.156306
16	tsk_16	(x)	1	:	0.000000	0.682911	0.000000	0.220987	0.096102
17	tsk_17	(x)	1	:	0.000000	0.682911	0.000000	0.212116	0.104974
18	tsk_18	(x)	1	:	0.000000	0.688729	0.000000	0.091233	0.220038
19	tsk_19	(x)	1	:	0.000000	0.000000	0.000000	0.217353	0.782647
20	tsk_20	(x)	1	:	0.898969	0.000000	0.101031	0.000000	0.000000
21	tsk_21	(x)	1	:	0.899014	0.000000	0.100986	0.000000	0.000000
22	tsk_22	(x)	1	:	1.000000	0.000000	0.000000	0.000000	0.000000
23	tsk_23	(x)	1	:	1.000000	0.000000	0.000000	0.000000	0.000000
24	tsk_24	(x)	1	:	0.999994	0.000006	0.000000	0.000000	0.000000
25	tsk_25	(x)	1	:	0.000000	0.000000	1.000000	0.000000	0.000000
26	tsk_26	(x)	1	:	0.404692	0.000000	0.595307	0.000000	0.000000
27	tsk_27	(x)	1	:	0.999985	0.000015	0.000000	0.000000	0.000000
28	tsk_28	(x)	1	:	0.999997	0.000003	0.000000	0.000000	0.000000
29	tsk_29	(x)	1	:	1.000000	0.000000	0.000000	0.000000	0.000000
