logL = -209.594611 (converged)
AIC = 539.189223
BIC = 623.261066

count.K
20 10 

