logL = -62.712313 (converged)
AIC = 353.424626
BIC = 513.161127

count.K
9 6 5 10 

