logL = -87.617257 (converged)
AIC = 619.234514
BIC = 930.300333

count.K
15 1 1 6 6 1 

