0	tsk_0	(x)	1	:	0.000000	0.000000	0.000000	1.000000	0.000000	0.000000
1	tsk_1	(x)	1	:	0.000000	0.000000	0.000000	1.000000	0.000000	0.000000
2	tsk_2	(x)	1	:	0.000000	0.000000	0.000000	1.000000	0.000000	0.000000
3	tsk_3	(x)	1	:	0.170302	0.141770	0.396400	0.000000	0.000000	0.291528
4	tsk_4	(x)	1	:	0.000000	0.000000	0.000000	1.000000	0.000000	0.000000
5	tsk_5	(x)	1	:	0.215233	0.045893	0.238874	0.500000	0.000000	0.000000
6	tsk_6	(x)	1	:	0.000000	0.000000	0.000000	0.500000	0.500000	0.000000
7	tsk_7	(x)	1	:	0.000000	0.000000	0.000000	1.000000	0.000000	0.000000
8	tsk_8	(x)	1	:	0.000000	0.130759	0.086685	0.500000	0.157450	0.125106
9	tsk_9	(x)	1	:	0.045200	0.044895	0.044715	0.500000	0.152811	0.212379
10	tsk_10	(x)	1	:	0.445251	0.000000	0.059372	0.000000	0.000000	0.495377
11	tsk_11	(x)	1	:	0.000000	0.355234	0.438020	0.000000	0.000000	0.206746
12	tsk_12	(x)	1	:	0.233903	0.084892	0.262315	0.000000	0.000000	0.418890
13	tsk_13	(x)	1	:	0.181235	0.325406	0.191194	0.000000	0.000000	0.302165
14	tsk_14	(x)	1	:	0.278847	0.100106	0.491269	0.000000	0.000000	0.129778
15	tsk_15	(x)	1	:	0.505159	0.000000	0.150135	0.000000	0.000000	0.344706
16	tsk_16	(x)	1	:	0.476332	0.059761	0.379842	0.000000	0.000000	0.084066
17	tsk_17	(x)	1	:	0.000000	0.000000	0.000000	0.500000	0.500000	0.000000
18	tsk_18	(x)	1	:	0.632955	0.042858	0.197188	0.000000	0.000000	0.126999
19	tsk_19	(x)	1	:	0.353884	0.000000	0.379073	0.000000	0.000000	0.267043
20	tsk_20	(x)	1	:	0.246794	0.367720	0.105333	0.000000	0.000000	0.280153
21	tsk_21	(x)	1	:	0.589306	0.108113	0.302581	0.000000	0.000000	0.000000
22	tsk_22	(x)	1	:	0.581630	0.052129	0.182896	0.000000	0.000000	0.183345
23	tsk_23	(x)	1	:	0.320439	0.267041	0.161222	0.000000	0.000000	0.251299
24	tsk_24	(x)	1	:	0.579328	0.048575	0.226654	0.000000	0.000000	0.145442
25	tsk_25	(x)	1	:	0.176013	0.146109	0.594932	0.000000	0.000000	0.082947
26	tsk_26	(x)	1	:	0.429301	0.160230	0.204313	0.000000	0.000000	0.206156
27	tsk_27	(x)	1	:	0.199563	0.369294	0.213529	0.000000	0.000000	0.217614
28	tsk_28	(x)	1	:	0.691680	0.136800	0.171520	0.000000	0.000000	0.000000
29	tsk_29	(x)	1	:	0.497100	0.261031	0.241870	0.000000	0.000000	0.000000
