logL = -15.249254 (converged)
AIC = 290.498508
BIC = 472.654167

count.K
7 15 3 2 3 

