logL = -29.621767 (converged)
AIC = 279.243534
BIC = 433.375246

count.K
9 4 8 9 

