logL = -65.231236 (converged)
AIC = 450.462471
BIC = 674.654052

count.K
7 16 4 0 3 

