logL = -57.065407 (converged)
AIC = 390.130815
BIC = 583.496054

count.K
11 5 4 10 

