0	tsk_0	(x)	1	:	0.000000	0.000000	0.000000	0.000000	0.262265	0.737735
1	tsk_1	(x)	1	:	0.000000	0.000000	0.000000	0.000000	0.145223	0.854777
2	tsk_2	(x)	1	:	0.000000	0.000000	0.000000	0.000000	0.226094	0.773906
3	tsk_3	(x)	1	:	0.000000	0.000000	0.000000	0.000000	0.352467	0.647533
4	tsk_4	(x)	1	:	0.000000	0.000000	0.000000	0.000000	0.127448	0.872552
5	tsk_5	(x)	1	:	0.000000	0.000000	0.000000	0.000000	0.141078	0.858922
6	tsk_6	(x)	1	:	0.000000	0.000000	0.000000	0.000000	0.230343	0.769657
7	tsk_7	(x)	1	:	0.000000	0.000000	0.000000	0.000000	0.172549	0.827451
8	tsk_8	(x)	1	:	0.000000	0.000000	0.000000	0.000000	0.178668	0.821332
9	tsk_9	(x)	1	:	0.000000	0.000000	0.000000	0.000000	0.279591	0.720409
10	tsk_10	(x)	1	:	1.000000	0.000000	0.000000	0.000000	0.000000	0.000000
11	tsk_11	(x)	1	:	0.500000	0.000000	0.500000	0.000000	0.000000	0.000000
12	tsk_12	(x)	1	:	1.000000	0.000000	0.000000	0.000000	0.000000	0.000000
13	tsk_13	(x)	1	:	0.500000	0.000000	0.500000	0.000000	0.000000	0.000000
14	tsk_14	(x)	1	:	0.000000	0.000000	1.000000	0.000000	0.000000	0.000000
15	tsk_15	(x)	1	:	0.500000	0.000000	0.500000	0.000000	0.000000	0.000000
16	tsk_16	(x)	1	:	0.000000	0.000000	1.000000	0.000000	0.000000	0.000000
17	tsk_17	(x)	1	:	0.500000	0.000000	0.500000	0.000000	0.000000	0.000000
18	tsk_18	(x)	1	:	1.000000	0.000000	0.000000	0.000000	0.000000	0.000000
19	tsk_19	(x)	1	:	0.500000	0.000000	0.500000	0.000000	0.000000	0.000000
20	tsk_20	(x)	1	:	0.000000	0.525208	0.000000	0.474792	0.000000	0.000000
21	tsk_21	(x)	1	:	0.000000	0.202649	0.000000	0.797351	0.000000	0.000000
22	tsk_22	(x)	1	:	0.000000	0.406322	0.000000	0.593678	0.000000	0.000000
23	tsk_23	(x)	1	:	0.000000	0.521925	0.000000	0.478075	0.000000	0.000000
24	tsk_24	(x)	1	:	0.000000	0.239298	0.000000	0.760702	0.000000	0.000000
25	tsk_25	(x)	1	:	0.000000	0.124142	0.000000	0.875858	0.000000	0.000000
26	tsk_26	(x)	1	:	0.000000	0.122793	0.000000	0.877207	0.000000	0.000000
27	tsk_27	(x)	1	:	0.000000	0.477166	0.000000	0.522834	0.000000	0.000000
28	tsk_28	(x)	1	:	0.000000	0.348500	0.000000	0.651500	0.000000	0.000000
29	tsk_29	(x)	1	:	0.000000	0.353636	0.000000	0.646364	0.000000	0.000000
