logL = -37.429983 (converged)
AIC = 384.859965
BIC = 602.045559

count.K
1 10 2 10 7 

