logL = -121.908203 (converged)
AIC = 347.816405
BIC = 420.678669

count.K
11 19 

