logL = -71.316894 (converged)
AIC = 394.633788
BIC = 571.184659

count.K
14 4 1 11 

