logL = -106.640305 (converged)
AIC = 435.280610
BIC = 590.813519

count.K
12 8 10 

