logL = -33.396459 (converged)
AIC = 356.792918
BIC = 559.966538

count.K
1 3 16 5 5 

