logL = -58.054652 (converged)
AIC = 406.109304
BIC = 609.282925

count.K
4 3 10 6 7 

