logL = -161.631277 (converged)
AIC = 743.262554
BIC = 1037.514004

count.K
0 5 1 10 14 

