logL = -39.652047 (converged)
AIC = 315.304094
BIC = 480.645385

count.K
8 3 9 10 

