logL = -50.273604 (converged)
AIC = 344.547208
BIC = 515.493288

count.K
7 7 2 14 

