logL = -56.121836 (converged)
AIC = 356.243672
BIC = 527.189752

count.K
11 1 7 11 

