logL = -38.249352 (converged)
AIC = 226.498705
BIC = 331.588508

count.K
10 14 6 

