logL = -11.090356 (converged)
AIC = 148.180712
BIC = 236.456147

count.K
3 10 17 

