logL = -13.862946 (converged)
AIC = 287.725892
BIC = 469.881551

count.K
2 3 7 4 14 

