logL = -93.200718 (converged)
AIC = 372.401437
BIC = 502.712793

count.K
9 3 18 

