logL = -66.544908 (converged)
AIC = 443.089816
BIC = 660.275410

count.K
9 1 9 1 10 

