logL = -81.304965 (converged)
AIC = 266.609930
BIC = 339.472194

count.K
17 13 

