logL = -196.327672 (converged)
AIC = 520.655344
BIC = 610.331977

count.K
5 25 

