logL = -52.271601 (converged)
AIC = 188.543201
BIC = 247.393491

count.K
10 20 

