logL = -99.141676 (converged)
AIC = 408.283352
BIC = 555.409077

count.K
10 9 11 

