logL = -65.546686 (converged)
AIC = 539.093373
BIC = 824.937639

count.K
11 8 4 0 4 3 

