logL = -33.343639 (converged)
AIC = 210.687279
BIC = 311.573490

count.K
3 17 10 

