logL = -22.157250 (converged)
AIC = 440.314500
BIC = 717.751582

count.K
1 3 2 1 1 22 

