logL = -56.586203 (converged)
AIC = 193.172406
BIC = 249.220301

count.K
18 12 

