logL = -20.250153 (converged)
AIC = 236.500306
BIC = 373.817650

count.K
9 6 10 5 

