0	tsk_0	(x)	1	:	0.000000	0.000000	0.000000	1.000000	0.000000	0.000000
1	tsk_1	(x)	1	:	0.000000	0.000000	1.000000	0.000000	0.000000	0.000000
2	tsk_2	(x)	1	:	0.000000	0.000000	0.000000	1.000000	0.000000	0.000000
3	tsk_3	(x)	1	:	0.000000	0.000000	0.000000	1.000000	0.000000	0.000000
4	tsk_4	(x)	1	:	0.000000	0.000000	1.000000	0.000000	0.000000	0.000000
5	tsk_5	(x)	1	:	0.000000	0.000000	0.000000	1.000000	0.000000	0.000000
6	tsk_6	(x)	1	:	0.000000	0.000000	0.000000	1.000000	0.000000	0.000000
7	tsk_7	(x)	1	:	0.000000	0.016493	0.000000	0.489476	0.489476	0.004555
8	tsk_8	(x)	1	:	0.000000	0.000000	0.000000	1.000000	0.000000	0.000000
9	tsk_9	(x)	1	:	0.000000	0.000000	0.000000	1.000000	0.000000	0.000000
10	tsk_10	(x)	1	:	0.000000	0.313735	0.000000	0.000000	0.500000	0.186265
11	tsk_11	(x)	1	:	0.000000	0.000000	0.000000	0.000000	0.500000	0.500000
12	tsk_12	(x)	1	:	0.931030	0.020288	0.000000	0.000000	0.046360	0.002322
13	tsk_13	(x)	1	:	0.000000	0.038020	0.534913	0.000385	0.000000	0.426682
14	tsk_14	(x)	1	:	0.000000	0.000000	0.000000	0.000000	1.000000	0.000000
15	tsk_15	(x)	1	:	0.000000	0.291749	0.000000	0.000000	0.500000	0.208251
16	tsk_16	(x)	1	:	0.000000	0.000000	0.000000	0.000000	1.000000	0.000000
17	tsk_17	(x)	1	:	0.000000	0.000000	0.000000	0.000000	0.000000	1.000000
18	tsk_18	(x)	1	:	0.000000	0.000000	0.534854	0.000476	0.000000	0.464670
19	tsk_19	(x)	1	:	0.000000	0.000714	0.519546	0.000466	0.475786	0.003488
20	tsk_20	(x)	1	:	0.000000	0.211939	0.000000	0.000000	0.500000	0.288061
21	tsk_21	(x)	1	:	0.000000	0.174106	0.000000	0.000000	0.000000	0.825894
22	tsk_22	(x)	1	:	0.951878	0.000000	0.000000	0.000000	0.047395	0.000728
23	tsk_23	(x)	1	:	0.000000	0.269450	0.000000	0.000000	0.500000	0.230550
24	tsk_24	(x)	1	:	0.000000	0.404082	0.000000	0.000000	0.500000	0.095918
25	tsk_25	(x)	1	:	0.000000	0.528952	0.000000	0.000000	0.000000	0.471048
26	tsk_26	(x)	1	:	0.000000	0.000000	0.000000	0.000000	1.000000	0.000000
27	tsk_27	(x)	1	:	0.960950	0.038574	0.000000	0.000000	0.000002	0.000475
28	tsk_28	(x)	1	:	0.000000	0.212781	0.000000	0.000000	0.500000	0.287219
29	tsk_29	(x)	1	:	0.000000	0.383893	0.000000	0.000000	0.500000	0.116107
