logL = -35.842897 (converged)
AIC = 381.685795
BIC = 598.871389

count.K
4 3 10 5 8 

