logL = -28.729102 (converged)
AIC = 393.458204
BIC = 628.859364

count.K
5 8 6 7 1 3 

