logL = -51.323329 (converged)
AIC = 258.646659
BIC = 367.940055

count.K
4 17 9 

