logL = -44.495777 (converged)
AIC = 388.991555
BIC = 599.171162

count.K
11 3 4 9 3 

