logL = -134.471151 (converged)
AIC = 724.942301
BIC = 1044.415304

count.K
13 0 1 1 1 14 

