logL = -176.054964 (converged)
AIC = 652.109927
BIC = 862.289534

count.K
13 7 2 8 

