logL = -50.175897 (converged)
AIC = 336.351795
BIC = 501.693086

count.K
10 2 9 9 

