logL = -40.350079 (converged)
AIC = 400.700158
BIC = 624.891739

count.K
4 3 2 19 2 

