logL = -2.772846 (converged)
AIC = 201.545691
BIC = 338.863035

count.K
1 1 20 8 

