logL = -144.643365 (converged)
AIC = 709.286731
BIC = 1003.538181

count.K
10 13 3 4 0 

