logL = -52.847842 (converged)
AIC = 273.695684
BIC = 391.396264

count.K
11 9 10 

