logL = -55.824327 (converged)
AIC = 195.648655
BIC = 254.498945

count.K
15 15 

