logL = -14.524693 (converged)
AIC = 233.049387
BIC = 375.971520

count.K
6 2 6 16 

