logL = -39.386483 (converged)
AIC = 462.772965
BIC = 731.802862

count.K
2 4 2 12 10 0 

