logL = -51.090755 (converged)
AIC = 410.181509
BIC = 625.965906

count.K
9 11 9 1 

