logL = -66.391240 (converged)
AIC = 452.782481
BIC = 676.974062

count.K
0 11 8 4 7 

