logL = -52.328491 (converged)
AIC = 254.656982
BIC = 359.746785

count.K
7 10 13 

