logL = -82.274868 (converged)
AIC = 350.549737
BIC = 480.861093

count.K
3 14 13 

