logL = -29.322256 (converged)
AIC = 418.644512
BIC = 670.860041

count.K
2 5 7 2 2 12 

