logL = -34.365664 (converged)
AIC = 280.731328
BIC = 429.258250

count.K
2 14 9 5 

