logL = -29.939048 (converged)
AIC = 227.878096
BIC = 345.578676

count.K
3 1 26 

