logL = -71.880166 (converged)
AIC = 395.760331
BIC = 572.311201

count.K
10 1 9 10 

