logL = -34.398326 (converged)
AIC = 218.796652
BIC = 323.886456

count.K
19 3 8 

