0	tsk_0	(x)	1	:	0.024392	0.000000	0.235074	0.230226	0.510308
1	tsk_1	(x)	1	:	0.033400	0.000000	0.184695	0.271710	0.510195
2	tsk_2	(x)	1	:	0.337612	0.000000	0.523251	0.139137	0.000000
3	tsk_3	(x)	1	:	0.000000	0.000000	0.000000	0.000000	1.000000
4	tsk_4	(x)	1	:	0.697466	0.000000	0.117383	0.185151	0.000000
5	tsk_5	(x)	1	:	0.083952	0.000000	0.246253	0.159512	0.510284
6	tsk_6	(x)	1	:	0.000000	0.000000	0.000000	0.000000	1.000000
7	tsk_7	(x)	1	:	0.000000	0.000000	0.000000	0.000000	1.000000
8	tsk_8	(x)	1	:	0.000000	0.000000	0.000000	0.000000	1.000000
9	tsk_9	(x)	1	:	0.653963	0.000000	0.346037	0.000000	0.000000
10	tsk_10	(x)	1	:	0.487211	0.000000	0.512789	0.000000	0.000000
11	tsk_11	(x)	1	:	0.299575	0.000000	0.320931	0.379494	0.000000
12	tsk_12	(x)	1	:	0.658279	0.000000	0.000000	0.341721	0.000000
13	tsk_13	(x)	1	:	0.707451	0.000000	0.000000	0.292549	0.000000
14	tsk_14	(x)	1	:	0.399091	0.000000	0.436137	0.164772	0.000000
15	tsk_15	(x)	1	:	0.406096	0.000000	0.426385	0.167519	0.000000
16	tsk_16	(x)	1	:	0.318313	0.000000	0.000000	0.681687	0.000000
17	tsk_17	(x)	1	:	0.299562	0.000000	0.320955	0.379483	0.000000
18	tsk_18	(x)	1	:	0.783911	0.000000	0.084915	0.131175	0.000000
19	tsk_19	(x)	1	:	0.325506	0.000000	0.538271	0.136222	0.000000
20	tsk_20	(x)	1	:	0.569719	0.000000	0.197704	0.232577	0.000000
21	tsk_21	(x)	1	:	0.752454	0.000000	0.096298	0.151248	0.000000
22	tsk_22	(x)	1	:	0.437160	0.000000	0.472095	0.090745	0.000000
23	tsk_23	(x)	1	:	0.544261	0.000000	0.000000	0.455739	0.000000
24	tsk_24	(x)	1	:	0.000089	0.999879	0.000000	0.000032	0.000000
25	tsk_25	(x)	1	:	0.501469	0.000000	0.397428	0.101103	0.000000
26	tsk_26	(x)	1	:	0.294609	0.000000	0.461920	0.243470	0.000000
27	tsk_27	(x)	1	:	0.762086	0.000000	0.134814	0.103100	0.000000
28	tsk_28	(x)	1	:	0.665444	0.000000	0.242199	0.092357	0.000000
29	tsk_29	(x)	1	:	0.549932	0.000000	0.375784	0.074284	0.000000
