logL = -69.047009 (converged)
AIC = 468.094018
BIC = 699.291586

count.K
3 7 3 7 10 

