logL = -53.523581 (converged)
AIC = 447.047162
BIC = 685.250717

count.K
5 1 8 13 3 

