logL = -92.161185 (converged)
AIC = 288.322369
BIC = 361.184633

count.K
17 13 

