0	tsk_0	(x)	1	:	0.000000	0.408925	0.591075	0.000000
1	tsk_1	(x)	1	:	0.000001	0.144532	0.855467	0.000000
2	tsk_2	(x)	1	:	0.000001	0.000000	0.999999	0.000000
3	tsk_3	(x)	1	:	0.000000	1.000000	0.000000	0.000000
4	tsk_4	(x)	1	:	0.000000	0.000000	1.000000	0.000000
5	tsk_5	(x)	1	:	0.000000	0.249596	0.750404	0.000000
6	tsk_6	(x)	1	:	0.000002	0.406417	0.593581	0.000000
7	tsk_7	(x)	1	:	0.000002	0.410052	0.589946	0.000000
8	tsk_8	(x)	1	:	0.000001	0.145654	0.854345	0.000000
9	tsk_9	(x)	1	:	0.000004	0.407046	0.592950	0.000000
10	tsk_10	(x)	1	:	0.000000	1.000000	0.000000	0.000000
11	tsk_11	(x)	1	:	0.000002	0.406417	0.593581	0.000000
12	tsk_12	(x)	1	:	0.000001	0.100753	0.899246	0.000000
13	tsk_13	(x)	1	:	0.000001	0.000000	0.999999	0.000000
14	tsk_14	(x)	1	:	0.000000	0.000000	1.000000	0.000000
15	tsk_15	(x)	1	:	0.000007	0.147390	0.153579	0.699024
16	tsk_16	(x)	1	:	0.000000	0.000000	0.299215	0.700785
17	tsk_17	(x)	1	:	0.000000	0.249596	0.750404	0.000000
18	tsk_18	(x)	1	:	0.000000	1.000000	0.000000	0.000000
19	tsk_19	(x)	1	:	0.000002	0.406417	0.593581	0.000000
20	tsk_20	(x)	1	:	0.999996	0.000004	0.000000	0.000000
21	tsk_21	(x)	1	:	1.000000	0.000000	0.000000	0.000000
22	tsk_22	(x)	1	:	0.000000	0.239093	0.060122	0.700785
23	tsk_23	(x)	1	:	1.000000	0.000000	0.000000	0.000000
24	tsk_24	(x)	1	:	1.000000	0.000000	0.000000	0.000000
25	tsk_25	(x)	1	:	0.011136	0.234656	0.072202	0.682006
26	tsk_26	(x)	1	:	0.001561	0.171841	0.128477	0.698121
27	tsk_27	(x)	1	:	0.437616	0.447104	0.115279	0.000001
28	tsk_28	(x)	1	:	0.011266	0.000000	0.307034	0.681699
29	tsk_29	(x)	1	:	0.000000	0.000000	0.000000	1.000000
