logL = -144.442335 (converged)
AIC = 720.884669
BIC = 1023.543304

count.K
6 1 6 11 0 6 

