logL = -36.153664 (converged)
AIC = 432.307328
BIC = 684.522857

count.K
1 9 4 2 8 6 

