logL = -53.130247 (converged)
AIC = 526.260494
BIC = 820.511944

count.K
12 4 3 5 3 3 

