logL = -82.794852 (converged)
AIC = 339.589704
BIC = 461.493876

count.K
6 12 12 

