logL = -21.405996 (converged)
AIC = 390.811993
BIC = 634.620337

count.K
3 2 7 11 6 1 

