logL = -15.126144 (converged)
AIC = 510.252289
BIC = 846.539660

count.K
5 14 0 1 1 9 

