logL = -29.112216 (converged)
AIC = 442.224433
BIC = 711.254330

count.K
0 10 4 12 0 4 

