logL = -53.019908 (converged)
AIC = 280.039816
BIC = 401.943988

count.K
10 9 11 

