logL = -114.119534 (converged)
AIC = 578.239068
BIC = 823.448610

count.K
6 6 4 7 7 

