0	tsk_0	(x)	1	:	0.362960	0.637040	0.000000	0.000000	0.000000
1	tsk_1	(x)	1	:	0.149888	0.850112	0.000000	0.000000	0.000000
2	tsk_2	(x)	1	:	0.038552	0.961448	0.000000	0.000000	0.000000
3	tsk_3	(x)	1	:	0.500095	0.000000	0.499898	0.000007	0.000000
4	tsk_4	(x)	1	:	0.000000	1.000000	0.000000	0.000000	0.000000
5	tsk_5	(x)	1	:	0.000000	1.000000	0.000000	0.000000	0.000000
6	tsk_6	(x)	1	:	0.313683	0.686317	0.000000	0.000000	0.000000
7	tsk_7	(x)	1	:	0.635181	0.364819	0.000000	0.000000	0.000000
8	tsk_8	(x)	1	:	0.366373	0.633627	0.000000	0.000000	0.000000
9	tsk_9	(x)	1	:	1.000000	0.000000	0.000000	0.000000	0.000000
10	tsk_10	(x)	1	:	0.000000	1.000000	0.000000	0.000000	0.000000
11	tsk_11	(x)	1	:	0.242333	0.757667	0.000000	0.000000	0.000000
12	tsk_12	(x)	1	:	0.347703	0.402297	0.000000	0.249999	0.000000
13	tsk_13	(x)	1	:	0.000000	1.000000	0.000000	0.000000	0.000000
14	tsk_14	(x)	1	:	0.384340	0.615660	0.000000	0.000000	0.000000
15	tsk_15	(x)	1	:	0.243359	0.756641	0.000000	0.000000	0.000000
16	tsk_16	(x)	1	:	0.000000	1.000000	0.000000	0.000000	0.000000
17	tsk_17	(x)	1	:	0.000000	1.000000	0.000000	0.000000	0.000000
18	tsk_18	(x)	1	:	1.000000	0.000000	0.000000	0.000000	0.000000
19	tsk_19	(x)	1	:	0.313683	0.686317	0.000000	0.000000	0.000000
20	tsk_20	(x)	1	:	0.000000	0.000000	0.000000	0.113347	0.886653
21	tsk_21	(x)	1	:	0.000000	0.000000	0.000000	0.131125	0.868875
22	tsk_22	(x)	1	:	0.000000	0.000000	0.000000	1.000000	0.000000
23	tsk_23	(x)	1	:	0.000000	0.235993	0.000000	0.000000	0.764007
24	tsk_24	(x)	1	:	0.000000	0.000000	0.000000	1.000000	0.000000
25	tsk_25	(x)	1	:	0.000000	0.000000	0.000000	0.119725	0.880275
26	tsk_26	(x)	1	:	0.000000	0.000000	0.000000	1.000000	0.000000
27	tsk_27	(x)	1	:	0.249999	0.000000	0.000000	0.750001	0.000000
28	tsk_28	(x)	1	:	0.000000	0.000000	0.000000	0.000000	1.000000
29	tsk_29	(x)	1	:	0.000000	0.000000	0.000000	0.131332	0.868668
