logL = -29.621839 (converged)
AIC = 139.243678
BIC = 195.291573

count.K
24 6 

