logL = -40.609807 (converged)
AIC = 381.219615
BIC = 591.399222

count.K
11 4 2 12 1 

