logL = -83.073897 (converged)
AIC = 402.147793
BIC = 567.489084

count.K
11 1 12 6 

