logL = -79.359780 (converged)
AIC = 566.719559
BIC = 852.563825

count.K
16 2 2 7 3 0 

