0	tsk_0	(x)	1	:	0.350019	0.147301	0.000015	0.493777	0.000000	0.008887
1	tsk_1	(x)	1	:	0.453014	0.032793	0.000021	0.491956	0.000000	0.022216
2	tsk_2	(x)	1	:	0.000029	0.408376	0.000025	0.000000	0.000000	0.591570
3	tsk_3	(x)	1	:	0.000000	0.000000	0.000000	0.500000	0.500000	0.000000
4	tsk_4	(x)	1	:	0.000000	0.409387	0.000037	0.000000	0.000000	0.590576
5	tsk_5	(x)	1	:	0.335624	0.094292	0.000044	0.494034	0.000000	0.076005
6	tsk_6	(x)	1	:	0.000000	0.000000	0.000000	1.000000	0.000000	0.000000
7	tsk_7	(x)	1	:	0.000000	0.000000	0.000000	0.500000	0.500000	0.000000
8	tsk_8	(x)	1	:	0.000000	0.000000	0.000000	0.500000	0.500000	0.000000
9	tsk_9	(x)	1	:	0.000000	0.408961	0.000038	0.000000	0.000000	0.591002
10	tsk_10	(x)	1	:	0.000000	0.406315	0.000000	0.000000	0.000000	0.593685
11	tsk_11	(x)	1	:	0.000000	0.000000	0.000015	0.000000	0.000000	0.999985
12	tsk_12	(x)	1	:	0.000000	0.183862	0.000010	0.000000	0.000000	0.816128
13	tsk_13	(x)	1	:	0.000000	0.510967	0.000030	0.000000	0.000000	0.489002
14	tsk_14	(x)	1	:	0.000000	0.250390	0.000031	0.000000	0.000000	0.749580
15	tsk_15	(x)	1	:	0.000000	0.342918	0.000006	0.000000	0.000000	0.657076
16	tsk_16	(x)	1	:	0.000000	0.999936	0.000064	0.000000	0.000000	0.000000
17	tsk_17	(x)	1	:	0.000000	0.000000	0.000042	0.000000	0.000000	0.999958
18	tsk_18	(x)	1	:	0.000000	0.000000	0.000020	0.000000	0.000000	0.999980
19	tsk_19	(x)	1	:	0.000000	0.407372	0.000109	0.000000	0.000000	0.592519
20	tsk_20	(x)	1	:	0.000000	0.250390	0.000031	0.000000	0.000000	0.749580
21	tsk_21	(x)	1	:	0.000000	0.251943	0.000031	0.000000	0.000000	0.748025
22	tsk_22	(x)	1	:	0.000079	0.000000	0.000190	0.000000	0.000000	0.999731
23	tsk_23	(x)	1	:	0.000000	0.314524	0.000018	0.000000	0.000000	0.685458
24	tsk_24	(x)	1	:	0.000000	0.000040	0.999930	0.000000	0.000000	0.000030
25	tsk_25	(x)	1	:	0.000055	0.581321	0.000037	0.000000	0.000000	0.418587
26	tsk_26	(x)	1	:	0.000048	0.407899	0.000026	0.000000	0.000000	0.592027
27	tsk_27	(x)	1	:	0.000009	0.408631	0.000016	0.000000	0.000000	0.591344
28	tsk_28	(x)	1	:	0.000000	0.251756	0.000048	0.000000	0.000000	0.748195
29	tsk_29	(x)	1	:	0.000000	0.584686	0.000074	0.000000	0.000000	0.415241
