0	tsk_0	(x)	1	:	0.000000	0.472908	0.000000	0.000000	0.527092	0.000000
1	tsk_1	(x)	1	:	0.000000	0.000000	0.000000	1.000000	0.000000	0.000000
2	tsk_2	(x)	1	:	0.000000	0.472908	0.000000	0.000000	0.527092	0.000000
3	tsk_3	(x)	1	:	0.000000	0.333261	0.000000	0.666738	0.000001	0.000000
4	tsk_4	(x)	1	:	0.000000	0.999997	0.000000	0.000000	0.000003	0.000000
5	tsk_5	(x)	1	:	0.000000	0.020412	0.000000	0.464331	0.515257	0.000000
6	tsk_6	(x)	1	:	0.000000	0.000000	0.503862	0.496136	0.000000	0.000002
7	tsk_7	(x)	1	:	0.000000	0.999990	0.000000	0.000000	0.000010	0.000000
8	tsk_8	(x)	1	:	0.000000	0.472906	0.000000	0.000000	0.527094	0.000000
9	tsk_9	(x)	1	:	0.000000	0.007655	0.487077	0.000339	0.504930	0.000000
10	tsk_10	(x)	1	:	0.000000	0.000000	1.000000	0.000000	0.000000	0.000000
11	tsk_11	(x)	1	:	0.000000	0.000000	1.000000	0.000000	0.000000	0.000000
12	tsk_12	(x)	1	:	0.000000	0.000000	0.000000	0.000000	1.000000	0.000000
13	tsk_13	(x)	1	:	0.000000	0.000000	0.488487	0.001244	0.510268	0.000000
14	tsk_14	(x)	1	:	0.000000	0.007077	0.487173	0.000426	0.505324	0.000000
15	tsk_15	(x)	1	:	0.000000	0.499026	0.491409	0.009554	0.000011	0.000000
16	tsk_16	(x)	1	:	0.000000	0.009151	0.486790	0.000186	0.503873	0.000000
17	tsk_17	(x)	1	:	0.000000	0.000132	0.550047	0.000000	0.449821	0.000000
18	tsk_18	(x)	1	:	0.000000	0.005699	0.487416	0.000611	0.506274	0.000000
19	tsk_19	(x)	1	:	0.000000	0.365120	0.382878	0.000000	0.252002	0.000000
20	tsk_20	(x)	1	:	1.000000	0.000000	0.000000	0.000000	0.000000	0.000000
21	tsk_21	(x)	1	:	0.500046	0.000000	0.000000	0.000000	0.000000	0.499954
22	tsk_22	(x)	1	:	0.500047	0.000000	0.000000	0.000000	0.000000	0.499953
23	tsk_23	(x)	1	:	0.000000	0.000000	0.000000	0.000000	0.000000	1.000000
24	tsk_24	(x)	1	:	0.000000	0.000000	0.000000	0.000000	0.000000	1.000000
25	tsk_25	(x)	1	:	0.500046	0.000000	0.000000	0.000000	0.000000	0.499953
26	tsk_26	(x)	1	:	1.000000	0.000000	0.000000	0.000000	0.000000	0.000000
27	tsk_27	(x)	1	:	0.500045	0.000000	0.000000	0.000000	0.000000	0.499955
28	tsk_28	(x)	1	:	0.500046	0.000000	0.000000	0.000000	0.000000	0.499954
29	tsk_29	(x)	1	:	0.500048	0.000000	0.000000	0.000000	0.000000	0.499952
