0	tsk_0	(x)	1	:	0.000000	0.000000	0.000000	1.000000
1	tsk_1	(x)	1	:	0.342025	0.000000	0.220789	0.437186
2	tsk_2	(x)	1	:	0.000000	0.000000	0.000000	1.000000
3	tsk_3	(x)	1	:	0.137299	0.264029	0.161500	0.437172
4	tsk_4	(x)	1	:	0.000000	0.000000	0.000000	1.000000
5	tsk_5	(x)	1	:	0.274897	0.201382	0.086543	0.437178
6	tsk_6	(x)	1	:	0.000000	0.000000	0.000000	1.000000
7	tsk_7	(x)	1	:	0.300212	0.109189	0.590599	0.000000
8	tsk_8	(x)	1	:	0.000000	0.000000	0.000000	1.000000
9	tsk_9	(x)	1	:	0.000000	0.000000	0.000000	1.000000
10	tsk_10	(x)	1	:	0.163176	0.359359	0.477465	0.000000
11	tsk_11	(x)	1	:	0.476031	0.360725	0.163243	0.000000
12	tsk_12	(x)	1	:	0.124075	0.438762	0.000000	0.437163
13	tsk_13	(x)	1	:	0.362623	0.270353	0.367025	0.000000
14	tsk_14	(x)	1	:	0.687432	0.130714	0.181854	0.000000
15	tsk_15	(x)	1	:	0.319889	0.357703	0.322408	0.000000
16	tsk_16	(x)	1	:	0.527801	0.200918	0.271282	0.000000
17	tsk_17	(x)	1	:	0.626070	0.155731	0.218199	0.000000
18	tsk_18	(x)	1	:	0.362623	0.270353	0.367025	0.000000
19	tsk_19	(x)	1	:	0.379732	0.427360	0.192908	0.000000
20	tsk_20	(x)	1	:	0.445390	0.110970	0.443640	0.000000
21	tsk_21	(x)	1	:	0.539493	0.273865	0.186643	0.000000
22	tsk_22	(x)	1	:	0.310687	0.229507	0.459805	0.000000
23	tsk_23	(x)	1	:	0.458207	0.229391	0.312402	0.000000
24	tsk_24	(x)	1	:	0.431087	0.000000	0.568913	0.000000
25	tsk_25	(x)	1	:	0.281733	0.309932	0.408335	0.000000
26	tsk_26	(x)	1	:	0.402637	0.200380	0.396983	0.000000
27	tsk_27	(x)	1	:	0.626070	0.155731	0.218199	0.000000
28	tsk_28	(x)	1	:	0.319889	0.357703	0.322408	0.000000
29	tsk_29	(x)	1	:	0.363794	0.271006	0.365200	0.000000
