0	tsk_0	(x)	1	:	0.000000	0.000000	0.000000	0.000000	0.000146	0.999854
1	tsk_1	(x)	1	:	0.000000	0.000000	0.000000	0.000000	0.000000	1.000000
2	tsk_2	(x)	1	:	0.000000	0.000000	0.000000	0.000000	0.000077	0.999923
3	tsk_3	(x)	1	:	0.000000	0.000000	0.000000	0.000000	0.997776	0.002224
4	tsk_4	(x)	1	:	0.000000	0.000000	0.000000	0.000000	0.000104	0.999896
5	tsk_5	(x)	1	:	0.000000	0.000000	0.000000	0.000000	0.000058	0.999942
6	tsk_6	(x)	1	:	0.000000	0.000000	0.000000	0.000000	0.000084	0.999916
7	tsk_7	(x)	1	:	0.000000	0.000000	0.000000	0.000000	0.000089	0.999911
8	tsk_8	(x)	1	:	0.000000	0.000000	0.000000	0.000000	0.998329	0.001671
9	tsk_9	(x)	1	:	0.000000	0.000000	0.000000	0.000000	0.000082	0.999917
10	tsk_10	(x)	1	:	0.346321	0.175417	0.022259	0.000000	0.000000	0.456003
11	tsk_11	(x)	1	:	0.790521	0.198727	0.010751	0.000000	0.000000	0.000000
12	tsk_12	(x)	1	:	0.809314	0.188192	0.002494	0.000000	0.000000	0.000000
13	tsk_13	(x)	1	:	0.732751	0.265039	0.002211	0.000000	0.000000	0.000000
14	tsk_14	(x)	1	:	0.784345	0.208065	0.007590	0.000000	0.000000	0.000000
15	tsk_15	(x)	1	:	0.722870	0.271478	0.005652	0.000000	0.000000	0.000000
16	tsk_16	(x)	1	:	0.774298	0.224267	0.001435	0.000000	0.000000	0.000000
17	tsk_17	(x)	1	:	0.179104	0.343194	0.021699	0.000000	0.000000	0.456003
18	tsk_18	(x)	1	:	0.713400	0.274898	0.011702	0.000000	0.000000	0.000000
19	tsk_19	(x)	1	:	0.684077	0.312777	0.003145	0.000000	0.000000	0.000000
20	tsk_20	(x)	1	:	0.999520	0.000000	0.000480	0.000000	0.000000	0.000000
21	tsk_21	(x)	1	:	0.996478	0.000000	0.003522	0.000000	0.000000	0.000000
22	tsk_22	(x)	1	:	0.375637	0.123888	0.000475	0.500000	0.000000	0.000000
23	tsk_23	(x)	1	:	0.366849	0.131639	0.001512	0.500000	0.000000	0.000000
24	tsk_24	(x)	1	:	0.377382	0.122492	0.000126	0.500000	0.000000	0.000000
25	tsk_25	(x)	1	:	0.286981	0.709449	0.003570	0.000000	0.000000	0.000000
26	tsk_26	(x)	1	:	0.406554	0.091813	0.001634	0.500000	0.000000	0.000000
27	tsk_27	(x)	1	:	0.407093	0.091609	0.001298	0.500000	0.000000	0.000000
28	tsk_28	(x)	1	:	0.715133	0.276889	0.007978	0.000000	0.000000	0.000000
29	tsk_29	(x)	1	:	0.681282	0.314317	0.004401	0.000000	0.000000	0.000000
