logL = -64.397260 (converged)
AIC = 216.794520
BIC = 278.447205

count.K
19 11 

