logL = -15.324339 (converged)
AIC = 420.648678
BIC = 693.882167

count.K
9 9 10 1 1 

