logL = -11.090356 (converged)
AIC = 210.180712
BIC = 341.893266

count.K
10 11 7 2 

