logL = -43.953236 (converged)
AIC = 231.906472
BIC = 332.792683

count.K
7 9 14 

