logL = -79.159120 (converged)
AIC = 418.318240
BIC = 600.473900

count.K
7 9 12 2 

