logL = -15.249781 (converged)
AIC = 366.499562
BIC = 601.900722

count.K
1 4 8 2 6 9 

