logL = -109.887644 (converged)
AIC = 399.775289
BIC = 525.883053

count.K
18 9 3 

