logL = -321.047673 (converged)
AIC = 802.095347
BIC = 914.191137

count.K
14 16 

