logL = -87.046414 (converged)
AIC = 262.092828
BIC = 323.745513

count.K
11 19 

