logL = -100.979762 (converged)
AIC = 285.959523
BIC = 344.809813

count.K
13 17 

