logL = -23.568394 (converged)
AIC = 395.136787
BIC = 638.945132

count.K
5 6 2 3 6 8 

