logL = -34.510858 (converged)
AIC = 417.021715
BIC = 660.830060

count.K
7 3 5 10 2 3 

