logL = -11.090363 (converged)
AIC = 370.180726
BIC = 613.989070

count.K
5 7 6 2 2 8 

