logL = -64.532838 (converged)
AIC = 291.065676
BIC = 404.562664

count.K
19 7 4 

