logL = -25.306504 (converged)
AIC = 254.613008
BIC = 397.535141

count.K
6 9 3 12 

