logL = -95.944161 (converged)
AIC = 531.888321
BIC = 770.091876

count.K
6 5 10 9 0 

