logL = -30.708619 (converged)
AIC = 433.417238
BIC = 694.039951

count.K
6 8 5 3 4 4 

