logL = -33.933106 (converged)
AIC = 139.866212
BIC = 190.309317

count.K
10 20 

