0	tsk_0	(x)	1	:	0.000000	0.366170	0.000000	0.500000	0.133830	0.000000
1	tsk_1	(x)	1	:	0.000000	0.176393	0.000000	0.500000	0.323607	0.000000
2	tsk_2	(x)	1	:	1.000000	0.000000	0.000000	0.000000	0.000000	0.000000
3	tsk_3	(x)	1	:	0.000000	0.624624	0.000000	0.000000	0.375376	0.000000
4	tsk_4	(x)	1	:	0.000000	0.170375	0.676558	0.000000	0.153068	0.000000
5	tsk_5	(x)	1	:	0.000000	0.000000	0.000000	1.000000	0.000000	0.000000
6	tsk_6	(x)	1	:	0.999996	0.000000	0.000000	0.000004	0.000000	0.000000
7	tsk_7	(x)	1	:	1.000000	0.000000	0.000000	0.000000	0.000000	0.000000
8	tsk_8	(x)	1	:	0.500000	0.000000	0.000000	0.000000	0.500000	0.000000
9	tsk_9	(x)	1	:	0.000000	0.521400	0.000000	0.000000	0.478600	0.000000
10	tsk_10	(x)	1	:	0.000000	0.523408	0.000000	0.000000	0.476592	0.000000
11	tsk_11	(x)	1	:	0.500000	0.000000	0.000000	0.000000	0.500000	0.000000
12	tsk_12	(x)	1	:	0.000000	0.151043	0.000002	0.000000	0.335384	0.513571
13	tsk_13	(x)	1	:	0.000000	0.625916	0.000000	0.000000	0.374084	0.000000
14	tsk_14	(x)	1	:	0.000000	0.250820	0.000000	0.000000	0.749180	0.000000
15	tsk_15	(x)	1	:	1.000000	0.000000	0.000000	0.000000	0.000000	0.000000
16	tsk_16	(x)	1	:	0.489237	0.000020	0.000000	0.000000	0.000007	0.510736
17	tsk_17	(x)	1	:	0.000000	0.000000	0.000003	0.000000	0.486426	0.513572
18	tsk_18	(x)	1	:	0.489446	0.000000	0.000000	0.000000	0.000001	0.510553
19	tsk_19	(x)	1	:	0.500000	0.200266	0.000000	0.000000	0.299734	0.000000
20	tsk_20	(x)	1	:	0.000000	0.008973	0.932737	0.000000	0.058290	0.000000
21	tsk_21	(x)	1	:	0.000000	0.248139	0.000000	0.000000	0.751861	0.000000
22	tsk_22	(x)	1	:	0.000000	0.000000	0.000000	0.000000	1.000000	0.000000
23	tsk_23	(x)	1	:	0.000000	0.522911	0.000000	0.000000	0.477089	0.000000
24	tsk_24	(x)	1	:	0.000000	0.690025	0.000000	0.000000	0.309975	0.000000
25	tsk_25	(x)	1	:	0.000000	0.031504	0.935145	0.000000	0.033351	0.000000
26	tsk_26	(x)	1	:	0.000000	0.515001	0.000000	0.000000	0.484999	0.000000
27	tsk_27	(x)	1	:	0.000000	1.000000	0.000000	0.000000	0.000000	0.000000
28	tsk_28	(x)	1	:	0.000000	0.009525	0.933453	0.000000	0.057022	0.000000
29	tsk_29	(x)	1	:	0.000000	0.024227	0.934463	0.000000	0.041310	0.000000
