logL = -43.544070 (converged)
AIC = 249.088140
BIC = 362.585128

count.K
19 6 5 

