0	tsk_0	(x)	1	:	0.000001	0.000000	0.000000	0.507733	0.000000	0.492266
1	tsk_1	(x)	1	:	0.000000	0.000000	1.000000	0.000000	0.000000	0.000000
2	tsk_2	(x)	1	:	0.000001	0.000000	0.389160	0.390290	0.000000	0.220550
3	tsk_3	(x)	1	:	0.000000	0.000000	0.389164	0.524504	0.000000	0.086332
4	tsk_4	(x)	1	:	0.000000	0.000000	0.625736	0.170635	0.000000	0.203628
5	tsk_5	(x)	1	:	0.000000	0.000000	0.389163	0.537442	0.000000	0.073394
6	tsk_6	(x)	1	:	0.000000	0.000000	1.000000	0.000000	0.000000	0.000000
7	tsk_7	(x)	1	:	0.000000	0.000000	1.000000	0.000000	0.000000	0.000000
8	tsk_8	(x)	1	:	0.000000	0.000000	1.000000	0.000000	0.000000	0.000000
9	tsk_9	(x)	1	:	0.000001	0.000000	0.000000	0.326416	0.000000	0.673583
10	tsk_10	(x)	1	:	0.000000	0.000000	0.000000	0.572556	0.000000	0.427444
11	tsk_11	(x)	1	:	0.000000	0.000000	0.000000	0.159493	0.000000	0.840506
12	tsk_12	(x)	1	:	0.000001	0.000000	0.000000	0.243796	0.000000	0.756203
13	tsk_13	(x)	1	:	0.000000	0.000000	0.000000	0.202108	0.000000	0.797892
14	tsk_14	(x)	1	:	0.000001	0.000000	0.000000	0.327376	0.000000	0.672623
15	tsk_15	(x)	1	:	0.000000	0.000000	0.000000	0.000000	0.000000	0.999999
16	tsk_16	(x)	1	:	0.000001	0.000000	0.000000	0.999998	0.000000	0.000000
17	tsk_17	(x)	1	:	0.000002	0.000000	0.000000	0.195656	0.000000	0.804343
18	tsk_18	(x)	1	:	0.000001	0.000000	0.000000	0.108522	0.000000	0.891477
19	tsk_19	(x)	1	:	0.000000	0.000000	0.625739	0.306170	0.000000	0.068091
20	tsk_20	(x)	1	:	0.047902	0.455129	0.000000	0.000009	0.496723	0.000237
21	tsk_21	(x)	1	:	0.061823	0.442218	0.000000	0.000000	0.495862	0.000096
22	tsk_22	(x)	1	:	0.000003	0.000000	0.000000	0.476096	0.000000	0.523901
23	tsk_23	(x)	1	:	0.000000	0.500345	0.000000	0.103317	0.000000	0.396338
24	tsk_24	(x)	1	:	0.491617	0.138614	0.000000	0.085475	0.000000	0.284294
25	tsk_25	(x)	1	:	0.579680	0.073956	0.000000	0.081918	0.000000	0.264446
26	tsk_26	(x)	1	:	0.600939	0.058357	0.000000	0.123733	0.000000	0.216971
27	tsk_27	(x)	1	:	0.000240	0.499814	0.000000	0.000000	0.499899	0.000047
28	tsk_28	(x)	1	:	0.059000	0.444852	0.000000	0.000000	0.496040	0.000108
29	tsk_29	(x)	1	:	0.000000	0.000000	0.000000	0.000000	1.000000	0.000000
