0	tsk_0	(x)	1	:	0.000000	0.000000	0.000000	0.000000	0.516724	0.483276
1	tsk_1	(x)	1	:	0.000000	0.000000	0.000000	0.000000	0.393185	0.606815
2	tsk_2	(x)	1	:	0.000000	0.000000	0.000000	0.000000	0.384270	0.615730
3	tsk_3	(x)	1	:	0.000000	0.000000	0.000000	0.519829	0.048538	0.431633
4	tsk_4	(x)	1	:	0.000000	0.000000	0.000000	0.353756	0.339464	0.306781
5	tsk_5	(x)	1	:	0.000000	0.000000	0.000000	0.519829	0.104430	0.375740
6	tsk_6	(x)	1	:	0.000000	0.000000	0.000000	0.519829	0.066261	0.413910
7	tsk_7	(x)	1	:	0.000000	0.000000	0.000000	0.000000	0.527155	0.472845
8	tsk_8	(x)	1	:	0.000000	0.000000	0.000000	0.519829	0.050986	0.429185
9	tsk_9	(x)	1	:	0.000000	0.000000	0.000000	0.519829	0.085595	0.394576
10	tsk_10	(x)	1	:	0.198585	0.109644	0.191700	0.000011	0.312153	0.187908
11	tsk_11	(x)	1	:	0.829365	0.170635	0.000000	0.000000	0.000000	0.000000
12	tsk_12	(x)	1	:	0.878079	0.121921	0.000000	0.000000	0.000000	0.000000
13	tsk_13	(x)	1	:	0.234725	0.257144	0.000000	0.508041	0.000011	0.000079
14	tsk_14	(x)	1	:	0.695890	0.304110	0.000000	0.000000	0.000000	0.000000
15	tsk_15	(x)	1	:	0.857451	0.142549	0.000000	0.000000	0.000000	0.000000
16	tsk_16	(x)	1	:	0.092381	0.215881	0.191675	0.000014	0.283521	0.216528
17	tsk_17	(x)	1	:	0.483264	0.516736	0.000000	0.000000	0.000000	0.000000
18	tsk_18	(x)	1	:	0.748587	0.251413	0.000000	0.000000	0.000000	0.000000
19	tsk_19	(x)	1	:	0.769533	0.230467	0.000000	0.000000	0.000000	0.000000
20	tsk_20	(x)	1	:	0.457948	0.106809	0.435242	0.000000	0.000000	0.000000
21	tsk_21	(x)	1	:	0.574070	0.425930	0.000000	0.000000	0.000000	0.000000
22	tsk_22	(x)	1	:	1.000000	0.000000	0.000000	0.000000	0.000000	0.000000
23	tsk_23	(x)	1	:	1.000000	0.000000	0.000000	0.000000	0.000000	0.000000
24	tsk_24	(x)	1	:	0.751154	0.248846	0.000000	0.000000	0.000000	0.000000
25	tsk_25	(x)	1	:	0.283699	0.281059	0.435242	0.000000	0.000000	0.000000
26	tsk_26	(x)	1	:	0.692954	0.307046	0.000000	0.000000	0.000000	0.000000
27	tsk_27	(x)	1	:	0.547869	0.452131	0.000000	0.000000	0.000000	0.000000
28	tsk_28	(x)	1	:	0.410223	0.589777	0.000000	0.000000	0.000000	0.000000
29	tsk_29	(x)	1	:	0.492331	0.072426	0.435243	0.000000	0.000000	0.000000
