logL = -44.704543 (converged)
AIC = 461.409086
BIC = 722.031799

count.K
4 3 8 3 9 3 

