logL = -49.604948 (converged)
AIC = 267.209896
BIC = 384.910477

count.K
9 9 12 

