logL = -19.906558 (converged)
AIC = 111.813116
BIC = 162.256221

count.K
15 15 

