0	tsk_0	(x)	1	:	0.332362	0.240798	0.426840
1	tsk_1	(x)	1	:	0.716782	0.000000	0.283218
2	tsk_2	(x)	1	:	0.716821	0.000000	0.283179
3	tsk_3	(x)	1	:	1.000000	0.000000	0.000000
4	tsk_4	(x)	1	:	0.716802	0.000000	0.283198
5	tsk_5	(x)	1	:	0.545886	0.145754	0.308360
6	tsk_6	(x)	1	:	0.332362	0.159875	0.507763
7	tsk_7	(x)	1	:	1.000000	0.000000	0.000000
8	tsk_8	(x)	1	:	1.000000	0.000000	0.000000
9	tsk_9	(x)	1	:	0.332354	0.132592	0.535055
10	tsk_10	(x)	1	:	0.000000	0.727590	0.272410
11	tsk_11	(x)	1	:	0.000000	0.757692	0.242308
12	tsk_12	(x)	1	:	0.000000	0.728411	0.271589
13	tsk_13	(x)	1	:	0.000000	0.502881	0.497119
14	tsk_14	(x)	1	:	0.000000	0.681346	0.318654
15	tsk_15	(x)	1	:	0.000000	0.764108	0.235892
16	tsk_16	(x)	1	:	0.000000	0.449341	0.550659
17	tsk_17	(x)	1	:	0.000000	0.728634	0.271366
18	tsk_18	(x)	1	:	0.000000	0.680586	0.319414
19	tsk_19	(x)	1	:	0.000000	0.734430	0.265570
20	tsk_20	(x)	1	:	0.000000	0.729705	0.270295
21	tsk_21	(x)	1	:	0.000000	0.728634	0.271366
22	tsk_22	(x)	1	:	0.000000	0.637713	0.362287
23	tsk_23	(x)	1	:	0.000000	0.802586	0.197414
24	tsk_24	(x)	1	:	0.000000	0.762928	0.237072
25	tsk_25	(x)	1	:	0.000000	0.887451	0.112549
26	tsk_26	(x)	1	:	0.000000	0.637823	0.362177
27	tsk_27	(x)	1	:	0.000000	0.681346	0.318654
28	tsk_28	(x)	1	:	0.000000	0.459956	0.540044
29	tsk_29	(x)	1	:	0.000000	0.689075	0.310925
