logL = -180.022666 (converged)
AIC = 480.045332
BIC = 564.117175

count.K
19 11 

