logL = -82.420443 (converged)
AIC = 314.840886
BIC = 419.930690

count.K
15 6 9 

