logL = -113.228754 (converged)
AIC = 606.457508
BIC = 872.685011

count.K
1 4 1 6 18 

