logL = -22.152831 (converged)
AIC = 182.305661
BIC = 278.988281

count.K
25 3 2 

