logL = -109.230693 (converged)
AIC = 342.461387
BIC = 429.335624

count.K
22 8 

