logL = -36.768717 (converged)
AIC = 301.537434
BIC = 461.273936

count.K
1 15 8 6 

