logL = -16.184637 (converged)
AIC = 312.369273
BIC = 508.536907

count.K
4 2 3 1 20 

