logL = -15.252730 (converged)
AIC = 310.505460
BIC = 506.673094

count.K
4 12 4 5 5 

