logL = -18.362063 (converged)
AIC = 316.724125
BIC = 512.891759

count.K
2 9 1 14 4 

