logL = -25.353509 (converged)
AIC = 118.707017
BIC = 166.347728

count.K
22 8 

