logL = -83.965354 (converged)
AIC = 647.930707
BIC = 984.218079

count.K
11 1 1 7 2 8 

