logL = -39.313376 (converged)
AIC = 290.626752
BIC = 439.153674

count.K
2 5 2 21 

