logL = -41.489329 (converged)
AIC = 318.978658
BIC = 484.319949

count.K
7 11 2 10 

