logL = -154.602912 (converged)
AIC = 495.205824
BIC = 625.517181

count.K
10 13 7 

