logL = -42.581452 (converged)
AIC = 305.162903
BIC = 459.294615

count.K
10 13 0 7 

