logL = -69.943013 (converged)
AIC = 383.886027
BIC = 554.832107

count.K
20 3 4 3 

