logL = -95.824305 (converged)
AIC = 561.648611
BIC = 820.870126

count.K
18 0 3 8 1 

