logL = -125.960664 (converged)
AIC = 461.921328
BIC = 609.047053

count.K
10 10 10 

