logL = -2.772761 (converged)
AIC = 265.545521
BIC = 447.701181

count.K
1 13 5 1 10 

