logL = -140.375990 (converged)
AIC = 670.751981
BIC = 943.985470

count.K
1 4 9 15 1 

