logL = -20.794423 (converged)
AIC = 389.588846
BIC = 633.397191

count.K
4 4 1 12 6 3 

