logL = -15.249269 (converged)
AIC = 226.498538
BIC = 363.815882

count.K
12 8 3 7 

