logL = -68.934623 (converged)
AIC = 213.869246
BIC = 267.114747

count.K
12 18 

