logL = -67.365494 (converged)
AIC = 402.730987
BIC = 590.491436

count.K
7 14 3 6 

