logL = -67.204229 (converged)
AIC = 454.408458
BIC = 678.600039

count.K
7 13 6 4 0 

