0	tsk_0	(x)	1	:	0.473676	0.348687	0.073998	0.103639
1	tsk_1	(x)	1	:	1.000000	0.000000	0.000000	0.000000
2	tsk_2	(x)	1	:	1.000000	0.000000	0.000000	0.000000
3	tsk_3	(x)	1	:	1.000000	0.000000	0.000000	0.000000
4	tsk_4	(x)	1	:	1.000000	0.000000	0.000000	0.000000
5	tsk_5	(x)	1	:	0.000000	0.999970	0.000013	0.000016
6	tsk_6	(x)	1	:	1.000000	0.000000	0.000000	0.000000
7	tsk_7	(x)	1	:	1.000000	0.000000	0.000000	0.000000
8	tsk_8	(x)	1	:	0.550110	0.449856	0.000030	0.000004
9	tsk_9	(x)	1	:	0.463951	0.527797	0.003198	0.005054
10	tsk_10	(x)	1	:	0.000000	0.000000	0.470000	0.530000
11	tsk_11	(x)	1	:	0.000000	0.000000	0.675230	0.324770
12	tsk_12	(x)	1	:	0.000000	0.349208	0.328137	0.322655
13	tsk_13	(x)	1	:	0.000000	0.000000	0.708496	0.291504
14	tsk_14	(x)	1	:	0.000000	0.999998	0.000001	0.000001
15	tsk_15	(x)	1	:	0.000000	0.000000	0.365201	0.634799
16	tsk_16	(x)	1	:	0.000000	0.999994	0.000003	0.000002
17	tsk_17	(x)	1	:	0.000000	0.349199	0.481291	0.169510
18	tsk_18	(x)	1	:	0.000000	0.000000	0.623318	0.376682
19	tsk_19	(x)	1	:	0.000000	0.000000	0.544580	0.455420
20	tsk_20	(x)	1	:	0.000000	0.000000	0.382902	0.617098
21	tsk_21	(x)	1	:	0.000000	0.000000	0.508661	0.491339
22	tsk_22	(x)	1	:	0.000000	0.000000	0.672485	0.327514
23	tsk_23	(x)	1	:	0.000000	0.000000	0.507456	0.492544
24	tsk_24	(x)	1	:	0.000000	0.000000	0.423978	0.576022
25	tsk_25	(x)	1	:	0.000000	0.349193	0.351871	0.298936
26	tsk_26	(x)	1	:	0.000000	0.000000	0.479985	0.520015
27	tsk_27	(x)	1	:	0.000000	0.558315	0.139260	0.302425
28	tsk_28	(x)	1	:	0.000000	0.000000	0.569667	0.430333
29	tsk_29	(x)	1	:	0.000000	0.000000	0.507466	0.492534
