logL = -92.925517 (converged)
AIC = 277.851034
BIC = 342.306114

count.K
21 9 

