logL = -33.474782 (converged)
AIC = 386.949565
BIC = 611.141146

count.K
2 2 22 2 2 

