logL = -96.225020 (converged)
AIC = 402.450040
BIC = 549.575765

count.K
5 23 2 

