logL = -84.664089 (converged)
AIC = 343.328178
BIC = 465.232350

count.K
10 13 7 

