logL = -19.408141 (converged)
AIC = 386.816282
BIC = 630.624626

count.K
5 13 3 1 7 1 

