0	tsk_0	(x)	1	:	0.000000	0.892751	0.000000	0.000000	0.107249
1	tsk_1	(x)	1	:	0.000000	0.864880	0.000000	0.000000	0.135120
2	tsk_2	(x)	1	:	0.000000	0.714316	0.000000	0.000000	0.285684
3	tsk_3	(x)	1	:	0.000000	0.944316	0.000000	0.000000	0.055684
4	tsk_4	(x)	1	:	0.000000	0.687255	0.000000	0.000000	0.312745
5	tsk_5	(x)	1	:	0.000000	0.807005	0.000000	0.000000	0.192995
6	tsk_6	(x)	1	:	0.000000	0.859182	0.000000	0.000000	0.140817
7	tsk_7	(x)	1	:	0.000000	0.871204	0.000000	0.000000	0.128796
8	tsk_8	(x)	1	:	0.000000	0.844346	0.000000	0.000000	0.155654
9	tsk_9	(x)	1	:	0.000000	0.869001	0.000000	0.000000	0.130999
10	tsk_10	(x)	1	:	0.520056	0.124770	0.000014	0.000000	0.355160
11	tsk_11	(x)	1	:	0.746610	0.000000	0.253390	0.000000	0.000000
12	tsk_12	(x)	1	:	0.000000	0.864282	0.000000	0.000000	0.135718
13	tsk_13	(x)	1	:	0.000000	0.100859	0.464958	0.000000	0.434183
14	tsk_14	(x)	1	:	0.000000	0.000000	1.000000	0.000000	0.000000
15	tsk_15	(x)	1	:	0.519914	0.366855	0.000187	0.000000	0.113044
16	tsk_16	(x)	1	:	0.000003	0.242401	0.585804	0.000019	0.171772
17	tsk_17	(x)	1	:	0.000000	0.806081	0.000000	0.000000	0.193919
18	tsk_18	(x)	1	:	0.520047	0.158566	0.000025	0.000000	0.321361
19	tsk_19	(x)	1	:	0.519765	0.180894	0.000367	0.000000	0.298973
20	tsk_20	(x)	1	:	0.000000	0.845773	0.000000	0.000000	0.154227
21	tsk_21	(x)	1	:	0.000002	0.000000	0.527173	0.472825	0.000000
22	tsk_22	(x)	1	:	0.493959	0.000000	0.008705	0.497336	0.000000
23	tsk_23	(x)	1	:	0.000000	0.000000	1.000000	0.000000	0.000000
24	tsk_24	(x)	1	:	0.000000	0.276435	0.017211	0.493575	0.212779
25	tsk_25	(x)	1	:	0.000000	0.000000	0.000000	1.000000	0.000000
26	tsk_26	(x)	1	:	0.000000	0.000000	0.000000	1.000000	0.000000
27	tsk_27	(x)	1	:	0.500581	0.276666	0.001473	0.000000	0.221280
28	tsk_28	(x)	1	:	0.000003	0.000000	0.527172	0.472825	0.000000
29	tsk_29	(x)	1	:	0.623873	0.000000	0.376127	0.000000	0.000000
