logL = -35.232840 (converged)
AIC = 220.465679
BIC = 325.555483

count.K
14 14 2 

