logL = -29.428626 (converged)
AIC = 348.857252
BIC = 552.030872

count.K
14 1 6 7 2 

