logL = -20.275180 (converged)
AIC = 400.550360
BIC = 652.765889

count.K
2 5 1 5 7 10 

