logL = -84.276583 (converged)
AIC = 264.553165
BIC = 331.810639

count.K
13 17 

