logL = -25.624592 (converged)
AIC = 263.249183
BIC = 411.776106

count.K
3 2 10 15 

