logL = -75.787464 (converged)
AIC = 607.574927
BIC = 927.047930

count.K
0 0 9 8 4 9 

