0	tsk_0	(x)	1	:	0.000000	0.000000	0.000000	0.000000	0.000000	1.000000
1	tsk_1	(x)	1	:	0.000000	0.000000	0.000000	0.000000	0.000000	1.000000
2	tsk_2	(x)	1	:	0.000000	0.000000	0.000000	0.000000	1.000000	0.000000
3	tsk_3	(x)	1	:	0.000000	0.000000	0.000000	0.000000	0.000000	1.000000
4	tsk_4	(x)	1	:	0.000000	0.000000	0.000000	0.000000	0.558701	0.441299
5	tsk_5	(x)	1	:	0.000000	0.000000	0.000000	0.000000	1.000000	0.000000
6	tsk_6	(x)	1	:	0.000000	0.000000	0.000000	0.000000	0.999991	0.000009
7	tsk_7	(x)	1	:	0.000000	0.000000	0.000000	0.000000	0.558701	0.441299
8	tsk_8	(x)	1	:	0.000000	0.000000	0.000000	0.000000	0.409929	0.590071
9	tsk_9	(x)	1	:	0.000000	0.000000	0.000000	0.000000	0.558701	0.441299
10	tsk_10	(x)	1	:	0.000000	0.000000	0.458543	0.000000	0.000000	0.541457
11	tsk_11	(x)	1	:	0.527881	0.000000	0.472119	0.000000	0.000000	0.000000
12	tsk_12	(x)	1	:	0.527881	0.000000	0.472118	0.000000	0.000000	0.000001
13	tsk_13	(x)	1	:	0.000000	0.000000	1.000000	0.000000	0.000000	0.000000
14	tsk_14	(x)	1	:	0.000000	0.000000	1.000000	0.000000	0.000000	0.000000
15	tsk_15	(x)	1	:	0.000000	0.000000	0.583056	0.000000	0.000000	0.416944
16	tsk_16	(x)	1	:	0.000000	0.000000	1.000000	0.000000	0.000000	0.000000
17	tsk_17	(x)	1	:	0.000000	0.000000	1.000000	0.000000	0.000000	0.000000
18	tsk_18	(x)	1	:	0.000000	0.000000	0.000000	0.000001	0.000000	0.999999
19	tsk_19	(x)	1	:	0.000000	0.000000	1.000000	0.000000	0.000000	0.000000
20	tsk_20	(x)	1	:	0.507641	0.491439	0.000920	0.000000	0.000000	0.000000
21	tsk_21	(x)	1	:	0.000000	0.493709	0.000000	0.506291	0.000000	0.000000
22	tsk_22	(x)	1	:	0.000000	0.488190	0.006790	0.505020	0.000000	0.000000
23	tsk_23	(x)	1	:	0.499999	0.000000	0.000000	0.500001	0.000000	0.000000
24	tsk_24	(x)	1	:	0.507726	0.491712	0.000562	0.000000	0.000000	0.000000
25	tsk_25	(x)	1	:	0.000000	0.493651	0.000072	0.506278	0.000000	0.000000
26	tsk_26	(x)	1	:	0.000000	0.000000	0.000000	1.000000	0.000000	0.000000
27	tsk_27	(x)	1	:	0.000000	1.000000	0.000000	0.000000	0.000000	0.000000
28	tsk_28	(x)	1	:	0.507748	0.491781	0.000471	0.000000	0.000000	0.000000
29	tsk_29	(x)	1	:	0.000000	0.493640	0.000084	0.506275	0.000000	0.000000
