0	tsk_0	(x)	1	:	0.000000	0.514564	0.485436	0.000000	0.000000
1	tsk_1	(x)	1	:	0.000000	0.683836	0.316164	0.000000	0.000000
2	tsk_2	(x)	1	:	0.000000	0.616281	0.383719	0.000000	0.000000
3	tsk_3	(x)	1	:	0.000000	0.000000	1.000000	0.000000	0.000000
4	tsk_4	(x)	1	:	0.000000	0.412834	0.587166	0.000000	0.000000
5	tsk_5	(x)	1	:	0.000000	0.515616	0.484384	0.000000	0.000000
6	tsk_6	(x)	1	:	0.000000	1.000000	0.000000	0.000000	0.000000
7	tsk_7	(x)	1	:	0.000000	0.347135	0.652865	0.000000	0.000000
8	tsk_8	(x)	1	:	0.000000	0.683478	0.316522	0.000000	0.000000
9	tsk_9	(x)	1	:	0.000000	0.000000	1.000000	0.000000	0.000000
10	tsk_10	(x)	1	:	0.000000	0.697041	0.302959	0.000000	0.000000
11	tsk_11	(x)	1	:	0.000000	0.343114	0.656886	0.000000	0.000000
12	tsk_12	(x)	1	:	0.000000	1.000000	0.000000	0.000000	0.000000
13	tsk_13	(x)	1	:	0.000000	0.350277	0.649722	0.000000	0.000000
14	tsk_14	(x)	1	:	0.000000	1.000000	0.000000	0.000000	0.000000
15	tsk_15	(x)	1	:	0.000000	0.615143	0.384857	0.000000	0.000000
16	tsk_16	(x)	1	:	0.000000	0.414339	0.585661	0.000000	0.000000
17	tsk_17	(x)	1	:	0.000000	0.688254	0.311746	0.000000	0.000000
18	tsk_18	(x)	1	:	0.000000	0.000000	0.000000	1.000000	0.000000
19	tsk_19	(x)	1	:	0.000000	1.000000	0.000000	0.000000	0.000000
20	tsk_20	(x)	1	:	0.517338	0.000000	0.000000	0.000000	0.482662
21	tsk_21	(x)	1	:	0.000000	0.336609	0.163655	0.000000	0.499736
22	tsk_22	(x)	1	:	0.000000	0.000000	0.000000	0.000000	1.000000
23	tsk_23	(x)	1	:	0.516787	0.000129	0.000620	0.000000	0.482465
24	tsk_24	(x)	1	:	0.000000	0.500085	0.000000	0.000000	0.499915
25	tsk_25	(x)	1	:	0.000000	0.000000	0.000000	0.000000	1.000000
26	tsk_26	(x)	1	:	0.000000	0.000000	0.000000	0.000000	1.000000
27	tsk_27	(x)	1	:	0.000000	0.000000	0.000000	0.000000	1.000000
28	tsk_28	(x)	1	:	0.000000	0.000000	0.000000	0.000000	1.000000
29	tsk_29	(x)	1	:	0.516687	0.000069	0.000842	0.000000	0.482402
