logL = -52.736998 (converged)
AIC = 425.473995
BIC = 649.665576

count.K
2 2 9 16 1 

