logL = -18.889415 (converged)
AIC = 317.778831
BIC = 513.946464

count.K
1 8 9 10 2 

