logL = -45.031976 (converged)
AIC = 522.063952
BIC = 824.722586

count.K
2 8 3 11 4 2 

