0	tsk_0	(x)	1	:	0.000000	0.000000	0.000000	0.000000	1.000000	0.000000
1	tsk_1	(x)	1	:	0.000000	0.000000	0.000000	0.000000	1.000000	0.000000
2	tsk_2	(x)	1	:	0.000000	0.000000	0.000000	0.000000	1.000000	0.000000
3	tsk_3	(x)	1	:	0.000000	0.000000	0.000000	0.341537	0.658463	0.000000
4	tsk_4	(x)	1	:	0.000000	0.000000	0.000000	1.000000	0.000000	0.000000
5	tsk_5	(x)	1	:	0.000000	0.000000	0.000000	0.341521	0.658479	0.000000
6	tsk_6	(x)	1	:	0.000000	0.000000	0.000000	0.000000	0.999952	0.000048
7	tsk_7	(x)	1	:	0.000000	0.000000	0.000000	0.993469	0.006527	0.000004
8	tsk_8	(x)	1	:	0.000000	0.000000	0.000000	0.711083	0.288916	0.000000
9	tsk_9	(x)	1	:	0.000000	0.000000	0.000000	1.000000	0.000000	0.000000
10	tsk_10	(x)	1	:	0.358941	0.000041	0.641018	0.000000	0.000000	0.000000
11	tsk_11	(x)	1	:	0.683510	0.000166	0.316325	0.000000	0.000000	0.000000
12	tsk_12	(x)	1	:	0.360416	0.000041	0.639543	0.000000	0.000000	0.000000
13	tsk_13	(x)	1	:	0.280400	0.000000	0.219533	0.000000	0.002319	0.497749
14	tsk_14	(x)	1	:	0.142818	0.000004	0.367963	0.000000	0.489216	0.000000
15	tsk_15	(x)	1	:	0.223708	0.000023	0.275287	0.000000	0.003178	0.497803
16	tsk_16	(x)	1	:	0.712635	0.000000	0.287365	0.000000	0.000000	0.000000
17	tsk_17	(x)	1	:	0.000000	0.000027	0.498877	0.000000	0.002876	0.498220
18	tsk_18	(x)	1	:	0.612991	0.000023	0.386987	0.000000	0.000000	0.000000
19	tsk_19	(x)	1	:	0.803817	0.000022	0.196160	0.000000	0.000000	0.000000
20	tsk_20	(x)	1	:	0.753427	0.000060	0.246513	0.000000	0.000000	0.000000
21	tsk_21	(x)	1	:	0.680151	0.000009	0.319840	0.000000	0.000000	0.000000
22	tsk_22	(x)	1	:	0.311521	0.000035	0.688444	0.000000	0.000000	0.000000
23	tsk_23	(x)	1	:	0.680706	0.000060	0.319234	0.000000	0.000000	0.000000
24	tsk_24	(x)	1	:	0.513378	0.000061	0.486561	0.000000	0.000000	0.000000
25	tsk_25	(x)	1	:	0.000951	0.998867	0.000183	0.000000	0.000000	0.000000
26	tsk_26	(x)	1	:	0.761058	0.000028	0.238914	0.000000	0.000000	0.000000
27	tsk_27	(x)	1	:	0.565076	0.000021	0.434903	0.000000	0.000000	0.000000
28	tsk_28	(x)	1	:	0.468769	0.000012	0.531219	0.000000	0.000000	0.000000
29	tsk_29	(x)	1	:	0.672182	0.000102	0.327715	0.000000	0.000000	0.000000
