logL = -40.202788 (converged)
AIC = 476.405575
BIC = 753.842657

count.K
9 0 5 10 3 3 

