0	tsk_0	(x)	1	:	0.490165	0.005775	0.000000	0.018223	0.002828	0.483009
1	tsk_1	(x)	1	:	0.000000	0.496422	0.000000	0.019736	0.001836	0.482006
2	tsk_2	(x)	1	:	0.499998	0.000000	0.000000	0.000000	0.500002	0.000000
3	tsk_3	(x)	1	:	0.000000	1.000000	0.000000	0.000000	0.000000	0.000000
4	tsk_4	(x)	1	:	0.000000	1.000000	0.000000	0.000000	0.000000	0.000000
5	tsk_5	(x)	1	:	0.000000	1.000000	0.000000	0.000000	0.000000	0.000000
6	tsk_6	(x)	1	:	0.000000	0.000000	0.000000	0.037882	0.493239	0.468879
7	tsk_7	(x)	1	:	0.000000	0.000000	0.000000	0.000000	1.000000	0.000000
8	tsk_8	(x)	1	:	0.000000	1.000000	0.000000	0.000000	0.000000	0.000000
9	tsk_9	(x)	1	:	0.000000	0.000000	0.000000	0.583855	0.416145	0.000000
10	tsk_10	(x)	1	:	0.436894	0.060515	0.000000	0.021739	0.000000	0.480852
11	tsk_11	(x)	1	:	0.007187	0.992813	0.000000	0.000000	0.000000	0.000000
12	tsk_12	(x)	1	:	1.000000	0.000000	0.000000	0.000000	0.000000	0.000000
13	tsk_13	(x)	1	:	0.000000	0.000000	0.000000	0.000000	0.000000	1.000000
14	tsk_14	(x)	1	:	0.000000	0.496337	0.000000	0.017765	0.002313	0.483584
15	tsk_15	(x)	1	:	0.000000	0.000000	0.000000	0.039168	0.493011	0.467821
16	tsk_16	(x)	1	:	0.287234	0.209159	0.000000	0.020125	0.001811	0.481671
17	tsk_17	(x)	1	:	0.482995	0.517005	0.000000	0.000000	0.000000	0.000000
18	tsk_18	(x)	1	:	0.496084	0.000000	0.000000	0.018214	0.002614	0.483088
19	tsk_19	(x)	1	:	0.249157	0.248395	0.000000	0.020529	0.000000	0.481919
20	tsk_20	(x)	1	:	0.000000	0.000000	1.000000	0.000000	0.000000	0.000000
21	tsk_21	(x)	1	:	0.000000	0.000000	0.588958	0.411042	0.000000	0.000000
22	tsk_22	(x)	1	:	0.000000	0.000000	1.000000	0.000000	0.000000	0.000000
23	tsk_23	(x)	1	:	0.000000	0.000000	0.464708	0.000000	0.000000	0.535292
24	tsk_24	(x)	1	:	0.000000	0.000000	1.000000	0.000000	0.000000	0.000000
25	tsk_25	(x)	1	:	0.000000	0.000000	1.000000	0.000000	0.000000	0.000000
26	tsk_26	(x)	1	:	0.000000	0.000000	0.000000	1.000000	0.000000	0.000000
27	tsk_27	(x)	1	:	0.000000	0.000000	0.122275	0.877725	0.000000	0.000000
28	tsk_28	(x)	1	:	0.000000	0.000000	1.000000	0.000000	0.000000	0.000000
29	tsk_29	(x)	1	:	0.000000	0.000000	1.000000	0.000000	0.000000	0.000000
