logL = -13.401048 (converged)
AIC = 362.802096
BIC = 598.203256

count.K
2 10 5 2 6 5 

