logL = -254.070771 (converged)
AIC = 1108.141542
BIC = 1528.500756

count.K
4 11 5 0 9 1 

