0	tsk_0	(x)	1	:	0.000000	0.000000	1.000000	0.000000	0.000000	0.000000
1	tsk_1	(x)	1	:	0.000000	0.000000	0.500036	0.000000	0.484024	0.015940
2	tsk_2	(x)	1	:	0.000000	0.000000	0.000059	0.000000	0.523106	0.476835
3	tsk_3	(x)	1	:	0.000000	0.000000	1.000000	0.000000	0.000000	0.000000
4	tsk_4	(x)	1	:	0.000000	0.000000	0.500017	0.000000	0.462821	0.037161
5	tsk_5	(x)	1	:	0.000000	0.000000	0.000012	0.000000	0.839240	0.160748
6	tsk_6	(x)	1	:	0.000000	0.000000	0.500031	0.000000	0.487306	0.012663
7	tsk_7	(x)	1	:	0.000000	0.000000	1.000000	0.000000	0.000000	0.000000
8	tsk_8	(x)	1	:	0.000000	0.000000	0.500032	0.000000	0.493571	0.006396
9	tsk_9	(x)	1	:	0.000000	0.000000	0.500038	0.000000	0.486233	0.013729
10	tsk_10	(x)	1	:	1.000000	0.000000	0.000000	0.000000	0.000000	0.000000
11	tsk_11	(x)	1	:	1.000000	0.000000	0.000000	0.000000	0.000000	0.000000
12	tsk_12	(x)	1	:	1.000000	0.000000	0.000000	0.000000	0.000000	0.000000
13	tsk_13	(x)	1	:	1.000000	0.000000	0.000000	0.000000	0.000000	0.000000
14	tsk_14	(x)	1	:	0.475165	0.000000	0.000015	0.000000	0.275819	0.249001
15	tsk_15	(x)	1	:	0.475164	0.000000	0.000012	0.000000	0.074394	0.450431
16	tsk_16	(x)	1	:	1.000000	0.000000	0.000000	0.000000	0.000000	0.000000
17	tsk_17	(x)	1	:	0.000000	0.000000	0.000006	0.000000	0.880980	0.119013
18	tsk_18	(x)	1	:	0.475165	0.000000	0.000015	0.000000	0.378757	0.146062
19	tsk_19	(x)	1	:	1.000000	0.000000	0.000000	0.000000	0.000000	0.000000
20	tsk_20	(x)	1	:	0.000000	0.499872	0.000000	0.500128	0.000000	0.000000
21	tsk_21	(x)	1	:	0.000000	0.014293	0.000000	0.487103	0.277574	0.221031
22	tsk_22	(x)	1	:	0.000000	0.000000	0.000000	1.000000	0.000000	0.000000
23	tsk_23	(x)	1	:	0.000000	0.000000	0.000000	1.000000	0.000000	0.000000
24	tsk_24	(x)	1	:	0.000000	0.500087	0.000000	0.499913	0.000000	0.000000
25	tsk_25	(x)	1	:	0.000000	0.499973	0.000000	0.500027	0.000000	0.000000
26	tsk_26	(x)	1	:	0.431635	0.565697	0.000000	0.000037	0.000958	0.001674
27	tsk_27	(x)	1	:	0.000000	1.000000	0.000000	0.000000	0.000000	0.000000
28	tsk_28	(x)	1	:	0.000000	0.499998	0.000000	0.500002	0.000000	0.000000
29	tsk_29	(x)	1	:	0.000000	0.500106	0.000000	0.499894	0.000000	0.000000
