logL = -45.755474 (converged)
AIC = 265.510948
BIC = 387.415121

count.K
7 14 9 

