logL = -112.823350 (converged)
AIC = 325.646700
BIC = 395.706569

count.K
4 26 

