logL = -106.816168 (converged)
AIC = 705.632336
BIC = 1050.326892

count.K
3 7 3 3 6 8 

