logL = -28.537192 (converged)
AIC = 285.074385
BIC = 444.810886

count.K
10 12 8 0 

