0	tsk_0	(x)	1	:	0.000000	0.000000	0.000000	1.000000
1	tsk_1	(x)	1	:	0.000000	0.000000	0.000000	1.000000
2	tsk_2	(x)	1	:	0.000000	0.000000	0.000000	1.000000
3	tsk_3	(x)	1	:	0.000000	0.000000	0.000000	1.000000
4	tsk_4	(x)	1	:	0.000000	0.000000	0.000000	1.000000
5	tsk_5	(x)	1	:	0.000000	0.000000	0.000000	1.000000
6	tsk_6	(x)	1	:	0.000000	0.000000	0.000000	1.000000
7	tsk_7	(x)	1	:	0.000000	0.000000	0.000000	1.000000
8	tsk_8	(x)	1	:	0.000000	0.000000	0.000000	1.000000
9	tsk_9	(x)	1	:	0.482892	0.000795	0.497213	0.019101
10	tsk_10	(x)	1	:	0.000000	0.229905	0.770095	0.000000
11	tsk_11	(x)	1	:	0.000000	0.235920	0.263986	0.500093
12	tsk_12	(x)	1	:	0.000000	0.422548	0.577452	0.000000
13	tsk_13	(x)	1	:	0.000000	0.264483	0.235252	0.500265
14	tsk_14	(x)	1	:	0.000000	0.379664	0.120252	0.500084
15	tsk_15	(x)	1	:	0.000000	0.263970	0.235849	0.500181
16	tsk_16	(x)	1	:	0.000000	0.508773	0.491227	0.000000
17	tsk_17	(x)	1	:	0.000000	0.182957	0.316962	0.500080
18	tsk_18	(x)	1	:	0.000000	0.413072	0.086853	0.500074
19	tsk_19	(x)	1	:	0.000000	0.320440	0.679560	0.000000
20	tsk_20	(x)	1	:	0.000000	0.069047	0.930953	0.000000
21	tsk_21	(x)	1	:	0.000000	0.331428	0.668572	0.000000
22	tsk_22	(x)	1	:	0.000000	0.424720	0.575280	0.000000
23	tsk_23	(x)	1	:	0.000000	0.262723	0.737277	0.000000
24	tsk_24	(x)	1	:	0.000000	0.283324	0.716676	0.000000
25	tsk_25	(x)	1	:	0.000000	0.284195	0.715805	0.000000
26	tsk_26	(x)	1	:	0.000000	0.247212	0.752788	0.000000
27	tsk_27	(x)	1	:	0.000000	0.293764	0.206170	0.500066
28	tsk_28	(x)	1	:	0.000000	0.610880	0.389120	0.000000
29	tsk_29	(x)	1	:	0.000000	0.000000	1.000000	0.000000
