logL = -35.399697 (converged)
AIC = 454.799395
BIC = 723.829292

count.K
1 10 3 6 2 8 

