logL = -30.919676 (converged)
AIC = 289.839352
BIC = 449.575854

count.K
9 5 1 15 

