logL = -21.557750 (converged)
AIC = 313.115500
BIC = 502.277147

count.K
16 4 5 4 1 

