logL = -48.420976 (converged)
AIC = 172.841952
BIC = 226.087453

count.K
10 20 

