logL = -86.498485 (converged)
AIC = 472.996970
BIC = 683.176577

count.K
8 6 11 5 

