logL = -46.945447 (converged)
AIC = 337.890895
BIC = 508.836975

count.K
1 10 16 3 

