logL = -83.723362 (converged)
AIC = 251.446725
BIC = 310.297015

count.K
16 14 

