logL = -76.788641 (converged)
AIC = 573.577281
BIC = 867.828731

count.K
9 9 11 1 0 

