logL = -100.589654 (converged)
AIC = 297.179308
BIC = 364.436782

count.K
20 10 

