logL = -100.157917 (converged)
AIC = 398.315834
BIC = 537.034375

count.K
19 3 8 

