logL = -47.848694 (converged)
AIC = 415.697388
BIC = 639.888969

count.K
4 4 4 7 11 

