logL = -57.074686 (converged)
AIC = 414.149371
BIC = 624.328978

count.K
9 10 1 4 6 

