logL = -21.749176 (converged)
AIC = 323.498352
BIC = 519.665985

count.K
5 2 10 6 7 

