logL = -164.258872 (converged)
AIC = 428.517744
BIC = 498.577613

count.K
16 14 

