logL = -27.434517 (converged)
AIC = 210.869034
BIC = 320.162430

count.K
4 16 10 

