logL = -95.675168 (converged)
AIC = 295.350335
BIC = 368.212599

count.K
19 11 

