logL = -108.157751 (converged)
AIC = 414.315503
BIC = 553.034043

count.K
2 13 15 

