logL = -172.163678 (converged)
AIC = 448.327357
BIC = 521.189621

count.K
16 14 

