0	tsk_0	(x)	1	:	0.000000	0.000000	1.000000	0.000000	0.000000	0.000000
1	tsk_1	(x)	1	:	0.000000	0.000000	0.000000	0.000105	0.999895	0.000000
2	tsk_2	(x)	1	:	0.000029	0.008362	0.490900	0.003101	0.497607	0.000001
3	tsk_3	(x)	1	:	0.000017	0.009021	0.490553	0.002299	0.498106	0.000003
4	tsk_4	(x)	1	:	0.000000	0.000000	0.000000	0.000099	0.999901	0.000000
5	tsk_5	(x)	1	:	0.000011	0.009514	0.490321	0.001428	0.498720	0.000006
6	tsk_6	(x)	1	:	0.000000	1.000000	0.000000	0.000000	0.000000	0.000000
7	tsk_7	(x)	1	:	0.000020	0.008909	0.490629	0.002269	0.498169	0.000003
8	tsk_8	(x)	1	:	0.000000	0.000000	1.000000	0.000000	0.000000	0.000000
9	tsk_9	(x)	1	:	0.000000	0.432617	0.567383	0.000000	0.000000	0.000000
10	tsk_10	(x)	1	:	0.440966	0.559034	0.000000	0.000000	0.000000	0.000000
11	tsk_11	(x)	1	:	0.000000	1.000000	0.000000	0.000000	0.000000	0.000000
12	tsk_12	(x)	1	:	0.000000	1.000000	0.000000	0.000000	0.000000	0.000000
13	tsk_13	(x)	1	:	0.000000	1.000000	0.000000	0.000000	0.000000	0.000000
14	tsk_14	(x)	1	:	0.000000	1.000000	0.000000	0.000000	0.000000	0.000000
15	tsk_15	(x)	1	:	1.000000	0.000000	0.000000	0.000000	0.000000	0.000000
16	tsk_16	(x)	1	:	0.501094	0.002022	0.000000	0.000685	0.000114	0.496085
17	tsk_17	(x)	1	:	0.000000	1.000000	0.000000	0.000000	0.000000	0.000000
18	tsk_18	(x)	1	:	0.559166	0.440834	0.000000	0.000000	0.000000	0.000000
19	tsk_19	(x)	1	:	0.000000	0.497222	0.000000	0.000000	0.000000	0.502778
20	tsk_20	(x)	1	:	0.000000	0.000000	0.000000	1.000000	0.000000	0.000000
21	tsk_21	(x)	1	:	0.000000	0.000000	0.000000	0.399303	0.000000	0.600697
22	tsk_22	(x)	1	:	0.000000	0.000000	0.000000	0.999985	0.000000	0.000015
23	tsk_23	(x)	1	:	0.000000	0.000000	0.000000	0.399323	0.000000	0.600677
24	tsk_24	(x)	1	:	0.000000	0.000000	0.000000	0.000000	0.000000	1.000000
25	tsk_25	(x)	1	:	0.000000	0.000000	0.000000	0.999987	0.000000	0.000013
26	tsk_26	(x)	1	:	0.000000	0.000000	0.000000	0.433984	0.000007	0.566009
27	tsk_27	(x)	1	:	0.000000	0.000000	0.000000	0.399340	0.000000	0.600660
28	tsk_28	(x)	1	:	0.000000	0.000000	0.000000	0.433991	0.000009	0.566000
29	tsk_29	(x)	1	:	0.000000	0.000000	0.000000	0.434016	0.000004	0.565979
