logL = -41.491493 (converged)
AIC = 402.982985
BIC = 627.174566

count.K
6 2 9 3 10 

