logL = -40.352631 (converged)
AIC = 172.705263
BIC = 237.160342

count.K
10 20 

