logL = -116.232748 (converged)
AIC = 324.465495
BIC = 388.920575

count.K
5 25 

