0	tsk_0	(x)	1	:	0.000000	0.000000	0.000000	1.000000	0.000000
1	tsk_1	(x)	1	:	0.756236	0.000017	0.000000	0.000000	0.243748
2	tsk_2	(x)	1	:	0.000000	0.000000	1.000000	0.000000	0.000000
3	tsk_3	(x)	1	:	0.000000	0.000000	1.000000	0.000000	0.000000
4	tsk_4	(x)	1	:	0.062741	0.000000	0.000000	0.581037	0.356222
5	tsk_5	(x)	1	:	0.999975	0.000025	0.000000	0.000000	0.000000
6	tsk_6	(x)	1	:	0.607717	0.000010	0.000000	0.000000	0.392274
7	tsk_7	(x)	1	:	0.459445	0.000000	0.300027	0.000000	0.240528
8	tsk_8	(x)	1	:	0.000000	0.000000	0.492345	0.507655	0.000000
9	tsk_9	(x)	1	:	0.435818	0.000014	0.000000	0.000000	0.564169
10	tsk_10	(x)	1	:	0.000000	1.000000	0.000000	0.000000	0.000000
11	tsk_11	(x)	1	:	0.608780	0.000012	0.000000	0.000000	0.391208
12	tsk_12	(x)	1	:	0.166915	0.500031	0.000000	0.000000	0.333055
13	tsk_13	(x)	1	:	0.215106	0.500042	0.000000	0.000000	0.284852
14	tsk_14	(x)	1	:	0.000000	1.000000	0.000000	0.000000	0.000000
15	tsk_15	(x)	1	:	0.000000	1.000000	0.000000	0.000000	0.000000
16	tsk_16	(x)	1	:	0.000000	0.999998	0.000000	0.000000	0.000002
17	tsk_17	(x)	1	:	0.000000	1.000000	0.000000	0.000000	0.000000
18	tsk_18	(x)	1	:	0.299290	0.500039	0.000000	0.000000	0.200670
19	tsk_19	(x)	1	:	0.438587	0.000008	0.000000	0.000000	0.561405
20	tsk_20	(x)	1	:	0.442017	0.000012	0.000000	0.000000	0.557971
21	tsk_21	(x)	1	:	0.435770	0.000008	0.000000	0.000000	0.564222
22	tsk_22	(x)	1	:	0.604402	0.000002	0.000000	0.000000	0.395596
23	tsk_23	(x)	1	:	0.334262	0.000006	0.000000	0.000000	0.665732
24	tsk_24	(x)	1	:	0.755583	0.000013	0.000000	0.000000	0.244404
25	tsk_25	(x)	1	:	0.862071	0.000011	0.000000	0.000000	0.137917
26	tsk_26	(x)	1	:	0.430894	0.000009	0.000000	0.000000	0.569097
27	tsk_27	(x)	1	:	0.609956	0.000013	0.000000	0.000000	0.390031
28	tsk_28	(x)	1	:	0.511957	0.000010	0.000000	0.000000	0.488033
29	tsk_29	(x)	1	:	0.610385	0.000004	0.000000	0.000000	0.389611
