logL = -15.249341 (converged)
AIC = 354.498681
BIC = 581.492657

count.K
1 6 2 8 10 3 

