logL = -225.849371 (converged)
AIC = 571.698741
BIC = 655.770584

count.K
15 15 

