logL = -16.518419 (converged)
AIC = 303.036838
BIC = 492.198485

count.K
8 2 2 6 12 

