logL = -24.314751 (converged)
AIC = 444.629503
BIC = 722.066584

count.K
19 1 1 7 1 1 

