logL = -119.467051 (converged)
AIC = 346.934102
BIC = 422.598761

count.K
19 11 

