logL = -18.022762 (converged)
AIC = 316.045523
BIC = 512.213157

count.K
1 4 13 8 4 

