logL = -57.167472 (converged)
AIC = 194.334944
BIC = 250.382839

count.K
25 5 

