logL = -42.814510 (converged)
AIC = 169.629019
BIC = 228.479309

count.K
20 10 

