logL = -94.727608 (converged)
AIC = 589.455217
BIC = 869.694693

count.K
11 16 1 2 0 

