logL = -204.435760 (converged)
AIC = 512.871519
BIC = 585.733783

count.K
17 13 

