logL = -17.141611 (converged)
AIC = 246.283221
BIC = 394.810144

count.K
3 1 4 22 

