logL = -41.746846 (converged)
AIC = 159.493692
BIC = 212.739192

count.K
22 8 

