logL = -165.300924 (converged)
AIC = 810.601848
BIC = 1146.889220

count.K
11 2 2 2 5 8 

