logL = -49.906679 (converged)
AIC = 409.813358
BIC = 626.998952

count.K
10 9 9 1 1 

