logL = -147.598613 (converged)
AIC = 563.197226
BIC = 750.957675

count.K
11 4 7 8 

