logL = -61.477555 (converged)
AIC = 342.955110
BIC = 497.086822

count.K
15 5 3 7 

