logL = -13.862949 (converged)
AIC = 297.725897
BIC = 486.887544

count.K
8 5 4 7 6 

