logL = -32.464343 (converged)
AIC = 354.928687
BIC = 558.102307

count.K
14 4 10 1 1 

