logL = -1.386296 (converged)
AIC = 252.772591
BIC = 427.922264

count.K
9 12 4 4 1 

