logL = -77.146522 (converged)
AIC = 478.293044
BIC = 705.287020

count.K
10 10 9 1 

