logL = -87.125345 (converged)
AIC = 630.250691
BIC = 949.723694

count.K
3 2 12 6 4 3 

