logL = -135.877325 (converged)
AIC = 481.754650
BIC = 628.880375

count.K
15 7 8 

