logL = -159.541080 (converged)
AIC = 447.082159
BIC = 536.758791

count.K
20 10 

