logL = -32.648132 (converged)
AIC = 215.296264
BIC = 320.386067

count.K
20 5 5 

