logL = -149.720346 (converged)
AIC = 815.440692
BIC = 1176.949616

count.K
11 9 5 1 4 0 

