logL = -33.271389 (converged)
AIC = 438.542777
BIC = 699.165490

count.K
1 10 6 3 3 7 

