logL = -27.952653 (converged)
AIC = 299.905307
BIC = 470.851387

count.K
0 26 1 3 

