logL = -31.923063 (converged)
AIC = 383.846125
BIC = 608.037706

count.K
1 5 8 8 8 

