logL = -49.906627 (converged)
AIC = 483.813254
BIC = 752.843151

count.K
5 5 3 6 1 10 

