logL = -73.372098 (converged)
AIC = 626.744196
BIC = 963.031567

count.K
9 4 8 6 3 0 

