logL = -98.249257 (converged)
AIC = 464.498514
BIC = 652.258963

count.K
9 1 11 9 

