logL = -38.062661 (converged)
AIC = 376.125321
BIC = 586.304929

count.K
10 1 12 7 0 

