logL = -33.871586 (converged)
AIC = 287.743172
BIC = 441.874884

count.K
2 2 19 7 

