0	tsk_0	(x)	1	:	0.000000	0.000000	0.999996	0.000000	0.000003	0.000001
1	tsk_1	(x)	1	:	0.000000	0.000000	0.999996	0.000000	0.000003	0.000001
2	tsk_2	(x)	1	:	0.000000	0.000000	0.999999	0.000000	0.000001	0.000001
3	tsk_3	(x)	1	:	0.000000	0.000000	0.999994	0.000000	0.000004	0.000002
4	tsk_4	(x)	1	:	0.000000	0.000000	0.999994	0.000000	0.000003	0.000003
5	tsk_5	(x)	1	:	0.000000	0.000000	0.999994	0.000000	0.000004	0.000002
6	tsk_6	(x)	1	:	0.000000	0.000000	0.999996	0.000000	0.000003	0.000001
7	tsk_7	(x)	1	:	0.000000	0.000000	0.999995	0.000000	0.000004	0.000001
8	tsk_8	(x)	1	:	0.000000	0.000000	0.999997	0.000000	0.000002	0.000001
9	tsk_9	(x)	1	:	0.000000	0.000000	0.500002	0.000000	0.362665	0.137333
10	tsk_10	(x)	1	:	0.000000	0.000000	0.000003	0.000000	0.682771	0.317226
11	tsk_11	(x)	1	:	0.000000	0.434681	0.000000	0.000000	0.427681	0.137638
12	tsk_12	(x)	1	:	0.000000	0.000000	0.000000	0.000000	0.899015	0.100985
13	tsk_13	(x)	1	:	0.000000	0.000000	0.000004	0.000000	0.739914	0.260082
14	tsk_14	(x)	1	:	0.000000	0.000000	0.000001	0.000000	0.235403	0.764595
15	tsk_15	(x)	1	:	0.000000	0.000000	0.000003	0.000000	0.605346	0.394651
16	tsk_16	(x)	1	:	0.000000	0.000000	0.000003	0.000000	0.852569	0.147428
17	tsk_17	(x)	1	:	0.000000	0.000000	0.000004	0.000000	0.741597	0.258399
18	tsk_18	(x)	1	:	0.000000	0.000002	0.000001	0.000000	0.719898	0.280099
19	tsk_19	(x)	1	:	0.000000	0.000000	0.000004	0.000000	0.741580	0.258417
20	tsk_20	(x)	1	:	0.000000	0.999864	0.000003	0.000000	0.000099	0.000034
21	tsk_21	(x)	1	:	0.000000	0.000000	0.000000	1.000000	0.000000	0.000000
22	tsk_22	(x)	1	:	0.033453	0.000000	0.000000	0.966547	0.000000	0.000000
23	tsk_23	(x)	1	:	1.000000	0.000000	0.000000	0.000000	0.000000	0.000000
24	tsk_24	(x)	1	:	0.499113	0.431225	0.000009	0.000596	0.041117	0.027939
25	tsk_25	(x)	1	:	0.499057	0.430459	0.000005	0.000592	0.018836	0.051050
26	tsk_26	(x)	1	:	0.045469	0.000000	0.000000	0.954531	0.000000	0.000000
27	tsk_27	(x)	1	:	0.000000	0.000000	0.000000	1.000000	0.000000	0.000000
28	tsk_28	(x)	1	:	0.056742	0.000000	0.000000	0.943258	0.000000	0.000000
29	tsk_29	(x)	1	:	1.000000	0.000000	0.000000	0.000000	0.000000	0.000000
