logL = -57.920682 (converged)
AIC = 335.841363
BIC = 489.973075

count.K
16 6 6 2 

