logL = -2.249393 (converged)
AIC = 192.498786
BIC = 324.211339

count.K
2 12 13 3 

