logL = -86.497757 (converged)
AIC = 382.995514
BIC = 530.121239

count.K
5 17 8 

