logL = -104.402424 (converged)
AIC = 678.804847
BIC = 1008.086232

count.K
18 2 0 1 9 

