logL = -105.303694 (converged)
AIC = 298.607388
BIC = 360.260073

count.K
10 20 

