logL = -201.080595 (converged)
AIC = 502.161190
BIC = 572.221059

count.K
11 19 

