logL = -121.556358 (converged)
AIC = 723.112717
BIC = 1059.400089

count.K
7 8 5 2 8 

