0	tsk_0	(x)	1	:	0.000000	1.000000	0.000000	0.000000	0.000000
1	tsk_1	(x)	1	:	0.000000	1.000000	0.000000	0.000000	0.000000
2	tsk_2	(x)	1	:	0.367975	0.000000	0.358212	0.273813	0.000000
3	tsk_3	(x)	1	:	0.000000	1.000000	0.000000	0.000000	0.000000
4	tsk_4	(x)	1	:	0.127265	0.495445	0.107267	0.270023	0.000000
5	tsk_5	(x)	1	:	0.000000	1.000000	0.000000	0.000000	0.000000
6	tsk_6	(x)	1	:	0.000000	1.000000	0.000000	0.000000	0.000000
7	tsk_7	(x)	1	:	0.000000	1.000000	0.000000	0.000000	0.000000
8	tsk_8	(x)	1	:	0.000000	1.000000	0.000000	0.000000	0.000000
9	tsk_9	(x)	1	:	0.000000	1.000000	0.000000	0.000000	0.000000
10	tsk_10	(x)	1	:	0.523770	0.000000	0.359471	0.116758	0.000000
11	tsk_11	(x)	1	:	0.602260	0.000000	0.240181	0.157560	0.000000
12	tsk_12	(x)	1	:	0.019775	0.495437	0.122635	0.362153	0.000000
13	tsk_13	(x)	1	:	0.389781	0.000000	0.369948	0.240271	0.000000
14	tsk_14	(x)	1	:	0.446104	0.000000	0.356467	0.197429	0.000000
15	tsk_15	(x)	1	:	0.411484	0.000000	0.444675	0.143841	0.000000
16	tsk_16	(x)	1	:	0.434474	0.000000	0.413541	0.151985	0.000000
17	tsk_17	(x)	1	:	0.548216	0.000000	0.292522	0.159262	0.000000
18	tsk_18	(x)	1	:	0.237361	0.000000	0.383371	0.379268	0.000000
19	tsk_19	(x)	1	:	0.373810	0.000000	0.550321	0.075869	0.000000
20	tsk_20	(x)	1	:	0.483830	0.000000	0.333933	0.182237	0.000000
21	tsk_21	(x)	1	:	0.398348	0.000000	0.321352	0.280300	0.000000
22	tsk_22	(x)	1	:	0.569146	0.000000	0.171637	0.259217	0.000000
23	tsk_23	(x)	1	:	0.589972	0.000000	0.296829	0.113199	0.000000
24	tsk_24	(x)	1	:	0.253904	0.000000	0.409998	0.336098	0.000000
25	tsk_25	(x)	1	:	0.316158	0.000000	0.388826	0.295016	0.000000
26	tsk_26	(x)	1	:	0.529174	0.000000	0.284490	0.186336	0.000000
27	tsk_27	(x)	1	:	0.352127	0.000000	0.461286	0.186586	0.000000
28	tsk_28	(x)	1	:	0.567534	0.000000	0.285892	0.146574	0.000000
29	tsk_29	(x)	1	:	0.019595	0.000000	0.018386	0.015030	0.946989
