logL = -5.545188 (converged)
AIC = 335.090376
BIC = 562.084352

count.K
1 7 1 12 8 1 

