0	tsk_0	(x)	1	:	0.000000	0.000000	0.000000	0.000000	0.999960	0.000040
1	tsk_1	(x)	1	:	0.000000	0.000000	0.000000	0.000000	0.000000	1.000000
2	tsk_2	(x)	1	:	0.000000	0.729541	0.000000	0.000000	0.000000	0.270459
3	tsk_3	(x)	1	:	0.000214	0.729495	0.000000	0.000000	0.000000	0.270291
4	tsk_4	(x)	1	:	0.000000	0.000000	0.000000	0.000000	0.000000	1.000000
5	tsk_5	(x)	1	:	0.000000	0.000000	0.000000	0.000000	0.999967	0.000033
6	tsk_6	(x)	1	:	0.000000	0.729519	0.000000	0.000000	0.000000	0.270481
7	tsk_7	(x)	1	:	1.000000	0.000000	0.000000	0.000000	0.000000	0.000000
8	tsk_8	(x)	1	:	0.000000	0.729520	0.000000	0.000000	0.000000	0.270480
9	tsk_9	(x)	1	:	0.015176	0.000000	0.000000	0.000000	0.000000	0.984824
10	tsk_10	(x)	1	:	0.000000	0.000000	0.000000	0.000000	0.000000	1.000000
11	tsk_11	(x)	1	:	0.000000	0.508919	0.000000	0.489865	0.000000	0.001216
12	tsk_12	(x)	1	:	0.000000	0.000000	0.000000	0.499970	0.000000	0.500030
13	tsk_13	(x)	1	:	0.000000	0.000000	0.000000	0.000000	0.000000	1.000000
14	tsk_14	(x)	1	:	0.000368	0.000000	0.000000	0.499969	0.000000	0.499663
15	tsk_15	(x)	1	:	0.000000	0.000000	0.000000	1.000000	0.000000	0.000000
16	tsk_16	(x)	1	:	0.000000	0.000000	0.000000	0.000000	0.000000	1.000000
17	tsk_17	(x)	1	:	0.000000	0.000000	0.000000	0.000000	0.000000	1.000000
18	tsk_18	(x)	1	:	0.000000	0.000000	0.000000	0.499304	0.000000	0.500696
19	tsk_19	(x)	1	:	0.000000	0.000000	0.000000	0.499970	0.000000	0.500030
20	tsk_20	(x)	1	:	0.000000	0.000000	0.000000	0.000000	0.000000	1.000000
21	tsk_21	(x)	1	:	0.480074	0.000000	0.499988	0.000000	0.000000	0.019938
22	tsk_22	(x)	1	:	0.358552	0.000000	0.499989	0.000000	0.000000	0.141458
23	tsk_23	(x)	1	:	0.390025	0.000000	0.499989	0.000000	0.000000	0.109986
24	tsk_24	(x)	1	:	0.000000	0.000000	0.000000	0.000000	0.000000	1.000000
25	tsk_25	(x)	1	:	0.484917	0.000000	0.499988	0.000000	0.000000	0.015094
26	tsk_26	(x)	1	:	0.446003	0.000000	0.499988	0.000000	0.000000	0.054009
27	tsk_27	(x)	1	:	0.369649	0.000000	0.499989	0.000000	0.000000	0.130362
28	tsk_28	(x)	1	:	0.000000	0.000000	1.000000	0.000000	0.000000	0.000000
29	tsk_29	(x)	1	:	0.500012	0.000000	0.499988	0.000000	0.000000	0.000000
