logL = -85.201868 (converged)
AIC = 250.403736
BIC = 306.451631

count.K
22 8 

