logL = -87.882825 (converged)
AIC = 535.765650
BIC = 787.981179

count.K
14 2 0 9 5 

