logL = -134.470573 (converged)
AIC = 638.941146
BIC = 898.162662

count.K
20 0 1 3 6 

