logL = -79.503251 (converged)
AIC = 529.006503
BIC = 788.228018

count.K
8 3 8 7 4 

