logL = -21.965937 (converged)
AIC = 115.931873
BIC = 166.374979

count.K
5 25 

