logL = -38.681124 (converged)
AIC = 473.362248
BIC = 750.799329

count.K
8 5 8 4 3 2 

