0	tsk_0	(x)	1	:	0.000000	0.000001	0.000000	0.577586	0.000000	0.422413
1	tsk_1	(x)	1	:	0.000000	0.000003	0.509020	0.000000	0.000000	0.490976
2	tsk_2	(x)	1	:	0.000000	0.000000	0.000000	1.000000	0.000000	0.000000
3	tsk_3	(x)	1	:	0.710907	0.000000	0.263248	0.000000	0.000000	0.025846
4	tsk_4	(x)	1	:	0.001778	0.000000	0.000000	0.998222	0.000000	0.000000
5	tsk_5	(x)	1	:	0.000001	0.000000	0.434402	0.446415	0.000000	0.119182
6	tsk_6	(x)	1	:	0.000000	0.000000	0.000000	1.000000	0.000000	0.000000
7	tsk_7	(x)	1	:	0.000000	0.000000	0.422414	0.577585	0.000000	0.000000
8	tsk_8	(x)	1	:	0.001159	0.000000	0.000000	0.998840	0.000000	0.000000
9	tsk_9	(x)	1	:	0.710910	0.000000	0.289090	0.000000	0.000000	0.000000
10	tsk_10	(x)	1	:	0.000000	0.000002	0.498028	0.000000	0.000000	0.501971
11	tsk_11	(x)	1	:	0.000000	0.000004	0.999995	0.000000	0.000000	0.000000
12	tsk_12	(x)	1	:	0.000000	0.000000	0.336165	0.000000	0.000001	0.663834
13	tsk_13	(x)	1	:	0.000000	0.000000	0.334953	0.000000	0.000000	0.665046
14	tsk_14	(x)	1	:	0.000000	0.000002	0.340951	0.000000	0.000000	0.659047
15	tsk_15	(x)	1	:	0.000000	0.000001	0.000000	0.000000	0.000000	0.999998
16	tsk_16	(x)	1	:	0.000001	0.000000	0.000000	0.577585	0.000000	0.422414
17	tsk_17	(x)	1	:	0.000001	0.000000	0.290447	0.446414	0.000000	0.263137
18	tsk_18	(x)	1	:	0.710910	0.000000	0.000000	0.000000	0.000000	0.289090
19	tsk_19	(x)	1	:	0.000000	0.000002	0.338323	0.000000	0.000000	0.661675
20	tsk_20	(x)	1	:	0.000000	0.558275	0.000000	0.000000	0.441725	0.000000
21	tsk_21	(x)	1	:	0.000000	0.000000	0.305512	0.000000	0.500003	0.194485
22	tsk_22	(x)	1	:	0.000000	0.103294	0.000000	0.000000	0.396698	0.500009
23	tsk_23	(x)	1	:	0.000000	0.499974	0.150336	0.000000	0.000000	0.349689
24	tsk_24	(x)	1	:	0.000000	1.000000	0.000000	0.000000	0.000000	0.000000
25	tsk_25	(x)	1	:	0.000000	0.213712	0.351708	0.000000	0.286272	0.148309
26	tsk_26	(x)	1	:	0.000000	0.000000	0.000000	0.000000	0.500001	0.499999
27	tsk_27	(x)	1	:	0.000000	0.000000	0.254031	0.000000	0.000000	0.745968
28	tsk_28	(x)	1	:	0.000000	0.000000	0.225217	0.000000	0.500003	0.274780
29	tsk_29	(x)	1	:	0.000000	0.202850	0.312487	0.000000	0.297135	0.187529
