logL = -134.430311 (converged)
AIC = 380.860622
BIC = 459.327675

count.K
20 10 

