0	tsk_0	(x)	1	:	0.564359	0.000001	0.435640	0.000000	0.000000
1	tsk_1	(x)	1	:	0.000000	0.000000	0.145349	0.000000	0.854651
2	tsk_2	(x)	1	:	1.000000	0.000000	0.000000	0.000000	0.000000
3	tsk_3	(x)	1	:	0.420055	0.000021	0.570700	0.000000	0.009224
4	tsk_4	(x)	1	:	0.000000	1.000000	0.000000	0.000000	0.000000
5	tsk_5	(x)	1	:	0.000000	0.500000	0.470500	0.000000	0.029500
6	tsk_6	(x)	1	:	1.000000	0.000000	0.000000	0.000000	0.000000
7	tsk_7	(x)	1	:	0.564359	0.000000	0.406195	0.000000	0.029445
8	tsk_8	(x)	1	:	0.000281	0.999719	0.000000	0.000000	0.000000
9	tsk_9	(x)	1	:	0.420055	0.000020	0.529440	0.000000	0.050485
10	tsk_10	(x)	1	:	0.000000	0.000000	0.354582	0.000000	0.645418
11	tsk_11	(x)	1	:	0.000000	0.000000	0.250364	0.000000	0.749636
12	tsk_12	(x)	1	:	0.000000	0.000000	0.000000	0.000000	1.000000
13	tsk_13	(x)	1	:	0.000000	0.000000	1.000000	0.000000	0.000000
14	tsk_14	(x)	1	:	0.000000	0.000000	0.000000	0.000000	1.000000
15	tsk_15	(x)	1	:	0.000000	0.000000	0.287677	0.000000	0.712322
16	tsk_16	(x)	1	:	0.564359	0.000000	0.427044	0.000000	0.008597
17	tsk_17	(x)	1	:	0.000000	0.500000	0.470227	0.000000	0.029773
18	tsk_18	(x)	1	:	0.419964	0.000130	0.000000	0.000000	0.579907
19	tsk_19	(x)	1	:	0.000000	0.000001	0.281753	0.000000	0.718246
20	tsk_20	(x)	1	:	0.000000	0.000000	0.000000	1.000000	0.000000
21	tsk_21	(x)	1	:	0.000000	0.000000	0.003471	0.499718	0.496811
22	tsk_22	(x)	1	:	0.000000	0.000000	0.031839	0.499718	0.468443
23	tsk_23	(x)	1	:	0.000000	0.000000	0.010215	0.499718	0.490067
24	tsk_24	(x)	1	:	0.000000	0.000000	0.000000	1.000000	0.000000
25	tsk_25	(x)	1	:	0.000000	0.000000	0.000000	0.499717	0.500283
26	tsk_26	(x)	1	:	0.000000	0.000000	0.018751	0.499718	0.481531
27	tsk_27	(x)	1	:	0.000000	0.000000	0.171780	0.000000	0.828220
28	tsk_28	(x)	1	:	0.000000	0.000000	0.000005	0.499717	0.500278
29	tsk_29	(x)	1	:	0.000000	0.000000	0.015237	0.499718	0.485045
