logL = -26.934890 (converged)
AIC = 323.869780
BIC = 513.031426

count.K
4 8 7 4 7 

