logL = -6.876225 (converged)
AIC = 139.752450
BIC = 228.027885

count.K
4 17 9 

