logL = -47.401719 (converged)
AIC = 444.803438
BIC = 690.012980

count.K
5 1 1 12 11 

