0	tsk_0	(x)	1	:	0.579398	0.000000	0.000000	0.000000	0.000000	0.420602
1	tsk_1	(x)	1	:	0.000000	0.999998	0.000000	0.000002	0.000000	0.000000
2	tsk_2	(x)	1	:	0.021991	0.000000	0.000000	0.947339	0.000000	0.030670
3	tsk_3	(x)	1	:	0.000000	1.000000	0.000000	0.000000	0.000000	0.000000
4	tsk_4	(x)	1	:	0.022068	0.000002	0.000000	0.947259	0.000000	0.030672
5	tsk_5	(x)	1	:	0.000000	0.000000	0.000000	0.947307	0.000000	0.052693
6	tsk_6	(x)	1	:	0.012974	0.000000	0.000000	0.947332	0.000000	0.039694
7	tsk_7	(x)	1	:	0.000000	0.000000	0.000000	1.000000	0.000000	0.000000
8	tsk_8	(x)	1	:	0.013603	0.000000	0.000000	0.947355	0.000000	0.039042
9	tsk_9	(x)	1	:	0.052731	0.000000	0.000000	0.947269	0.000000	0.000000
10	tsk_10	(x)	1	:	0.807469	0.000000	0.000000	0.000000	0.000000	0.192531
11	tsk_11	(x)	1	:	1.000000	0.000000	0.000000	0.000000	0.000000	0.000000
12	tsk_12	(x)	1	:	0.029064	0.000000	0.000000	0.947384	0.000000	0.023552
13	tsk_13	(x)	1	:	0.013588	0.000000	0.000000	0.947345	0.000000	0.039067
14	tsk_14	(x)	1	:	0.000000	0.000000	0.000000	0.947227	0.000000	0.052773
15	tsk_15	(x)	1	:	0.000000	0.000000	0.000000	0.947361	0.000000	0.052639
16	tsk_16	(x)	1	:	0.108227	0.584708	0.000000	0.000007	0.000000	0.307058
17	tsk_17	(x)	1	:	0.000000	0.000000	0.000000	0.000000	0.000000	1.000000
18	tsk_18	(x)	1	:	0.402687	0.000000	0.000000	0.000000	0.000000	0.597312
19	tsk_19	(x)	1	:	0.000000	1.000000	0.000000	0.000000	0.000000	0.000000
20	tsk_20	(x)	1	:	0.000000	0.000000	0.296977	0.000000	0.337565	0.365458
21	tsk_21	(x)	1	:	0.258305	0.000000	0.199668	0.000000	0.390791	0.151236
22	tsk_22	(x)	1	:	0.000000	0.000000	0.000000	0.000000	0.500000	0.500000
23	tsk_23	(x)	1	:	0.406376	0.000000	0.000000	0.000000	0.000000	0.593624
24	tsk_24	(x)	1	:	0.085744	0.000000	0.914256	0.000000	0.000000	0.000000
25	tsk_25	(x)	1	:	0.000000	0.000000	0.000021	0.000000	0.999979	0.000000
26	tsk_26	(x)	1	:	0.733238	0.000000	0.000000	0.000000	0.000000	0.266762
27	tsk_27	(x)	1	:	0.144275	0.000000	0.246032	0.000000	0.365432	0.244261
28	tsk_28	(x)	1	:	0.000000	0.000000	0.000013	0.000000	0.999987	0.000000
29	tsk_29	(x)	1	:	0.239057	0.000000	0.274814	0.000000	0.349688	0.136441
