logL = -74.622341 (converged)
AIC = 469.244683
BIC = 693.436264

count.K
16 2 8 1 3 

