logL = -23.467217 (converged)
AIC = 266.934435
BIC = 421.066147

count.K
15 1 10 4 

