logL = -67.366263 (converged)
AIC = 566.732526
BIC = 869.391160

count.K
14 2 1 7 4 2 

