logL = -11.770109 (converged)
AIC = 161.540218
BIC = 258.222837

count.K
4 11 15 

