logL = -32.781850 (converged)
AIC = 437.563699
BIC = 698.186412

count.K
0 4 0 16 1 9 

