0	tsk_0	(x)	1	:	0.000001	0.499999	0.499999	0.000002	0.000000
1	tsk_1	(x)	1	:	0.000001	0.499999	0.499999	0.000002	0.000000
2	tsk_2	(x)	1	:	0.000000	0.333333	0.333333	0.000000	0.333333
3	tsk_3	(x)	1	:	0.000001	0.499999	0.000000	0.000002	0.499999
4	tsk_4	(x)	1	:	0.000001	0.666666	0.333333	0.000000	0.000000
5	tsk_5	(x)	1	:	0.000000	0.333333	0.333333	0.000001	0.333333
6	tsk_6	(x)	1	:	0.000001	0.000000	0.999997	0.000002	0.000000
7	tsk_7	(x)	1	:	0.000001	0.000000	0.666666	0.000000	0.333333
8	tsk_8	(x)	1	:	0.000000	0.000000	0.666666	0.000001	0.333333
9	tsk_9	(x)	1	:	0.000000	0.666666	0.333333	0.000001	0.000000
10	tsk_10	(x)	1	:	0.000000	0.333333	0.000000	0.000001	0.666666
11	tsk_11	(x)	1	:	0.000000	0.000000	0.333333	0.000001	0.666666
12	tsk_12	(x)	1	:	0.000003	0.999994	0.000000	0.000004	0.000000
13	tsk_13	(x)	1	:	0.501296	0.000000	0.000000	0.498704	0.000000
14	tsk_14	(x)	1	:	0.000001	0.500000	0.500000	0.000000	0.000000
15	tsk_15	(x)	1	:	0.000001	0.000000	0.500000	0.000000	0.500000
16	tsk_16	(x)	1	:	0.000001	0.666666	0.000000	0.000000	0.333333
17	tsk_17	(x)	1	:	0.000001	0.000000	0.499999	0.000002	0.499999
18	tsk_18	(x)	1	:	0.000001	0.000000	0.666666	0.000000	0.333333
19	tsk_19	(x)	1	:	0.000003	0.000000	0.000000	0.000004	0.999994
20	tsk_20	(x)	1	:	0.000000	0.499999	0.499999	0.000003	0.000000
21	tsk_21	(x)	1	:	0.000000	0.499999	0.000000	0.000003	0.499999
22	tsk_22	(x)	1	:	0.000001	0.000000	0.500000	0.000000	0.500000
23	tsk_23	(x)	1	:	0.000000	0.333333	0.333333	0.000001	0.333333
24	tsk_24	(x)	1	:	0.000000	0.500000	0.000000	0.000000	0.500000
25	tsk_25	(x)	1	:	0.000003	0.000000	0.000000	0.000004	0.999994
26	tsk_26	(x)	1	:	0.000000	0.333333	0.666667	0.000000	0.000000
27	tsk_27	(x)	1	:	0.000000	0.333333	0.666667	0.000000	0.000000
28	tsk_28	(x)	1	:	0.000001	0.999999	0.000000	0.000000	0.000000
29	tsk_29	(x)	1	:	0.000001	0.000000	0.000000	0.000000	0.999999
