logL = -89.004999 (converged)
AIC = 358.009998
BIC = 484.117762

count.K
5 11 14 

