logL = -14.891050 (converged)
AIC = 167.782101
BIC = 264.464720

count.K
6 24 0 

