logL = -63.530042 (converged)
AIC = 295.060084
BIC = 412.760664

count.K
10 5 15 

