logL = -21.749094 (converged)
AIC = 255.498188
BIC = 404.025111

count.K
7 7 3 13 

