logL = -78.070729 (converged)
AIC = 256.141457
BIC = 326.201326

count.K
11 19 

