0	tsk_0	(x)	1	:	0.000000	0.452499	0.000000	0.274667	0.272834	0.000000
1	tsk_1	(x)	1	:	0.000000	0.451070	0.000000	0.000000	0.548930	0.000000
2	tsk_2	(x)	1	:	0.000000	0.621442	0.000000	0.378558	0.000000	0.000000
3	tsk_3	(x)	1	:	0.000000	0.449112	0.000000	0.000000	0.550888	0.000000
4	tsk_4	(x)	1	:	0.000000	0.000000	0.000000	0.000000	1.000000	0.000000
5	tsk_5	(x)	1	:	0.000000	0.000000	0.000000	1.000000	0.000000	0.000000
6	tsk_6	(x)	1	:	0.000000	1.000000	0.000000	0.000000	0.000000	0.000000
7	tsk_7	(x)	1	:	0.000000	1.000000	0.000000	0.000000	0.000000	0.000000
8	tsk_8	(x)	1	:	0.000000	0.000000	0.000000	1.000000	0.000000	0.000000
9	tsk_9	(x)	1	:	0.000000	0.453028	0.000000	0.000000	0.546972	0.000000
10	tsk_10	(x)	1	:	0.000000	0.000000	0.000000	1.000000	0.000000	0.000000
11	tsk_11	(x)	1	:	0.000000	1.000000	0.000000	0.000000	0.000000	0.000000
12	tsk_12	(x)	1	:	0.000000	0.000000	0.000000	0.000000	1.000000	0.000000
13	tsk_13	(x)	1	:	0.000000	0.444690	0.000000	0.555310	0.000000	0.000000
14	tsk_14	(x)	1	:	0.000000	0.449599	0.000000	0.000000	0.550401	0.000000
15	tsk_15	(x)	1	:	0.000000	0.000000	0.000000	1.000000	0.000000	0.000000
16	tsk_16	(x)	1	:	0.000000	0.000000	0.000000	0.503465	0.496535	0.000000
17	tsk_17	(x)	1	:	0.000000	0.446225	0.000000	0.553775	0.000000	0.000000
18	tsk_18	(x)	1	:	0.202780	0.000000	0.297224	0.499996	0.000000	0.000000
19	tsk_19	(x)	1	:	0.000000	0.000000	0.000000	1.000000	0.000000	0.000000
20	tsk_20	(x)	1	:	0.272152	0.500001	0.227846	0.000000	0.000000	0.000000
21	tsk_21	(x)	1	:	0.000000	0.000000	0.000000	1.000000	0.000000	0.000000
22	tsk_22	(x)	1	:	0.000000	1.000000	0.000000	0.000000	0.000000	0.000000
23	tsk_23	(x)	1	:	0.000000	0.448550	0.000000	0.000000	0.551450	0.000000
24	tsk_24	(x)	1	:	1.000000	0.000000	0.000000	0.000000	0.000000	0.000000
25	tsk_25	(x)	1	:	0.000000	0.000000	0.000000	0.333995	0.666005	0.000000
26	tsk_26	(x)	1	:	0.000000	0.000000	0.402432	0.000000	0.000000	0.597568
27	tsk_27	(x)	1	:	0.000000	0.000000	0.000000	0.504533	0.495467	0.000000
28	tsk_28	(x)	1	:	0.000002	0.000000	0.999998	0.000000	0.000000	0.000000
29	tsk_29	(x)	1	:	0.000000	0.000000	0.000000	0.503778	0.496222	0.000000
