logL = -13.762799 (converged)
AIC = 397.525598
BIC = 656.747113

count.K
10 8 0 2 10 

