logL = -42.256272 (converged)
AIC = 228.512543
BIC = 329.398755

count.K
11 11 8 

