logL = -63.416306 (converged)
AIC = 306.832612
BIC = 432.940376

count.K
11 4 15 

