0	tsk_0	(x)	1	:	0.806636	0.193364	0.000000	0.000000	0.000000
1	tsk_1	(x)	1	:	0.000000	1.000000	0.000000	0.000000	0.000000
2	tsk_2	(x)	1	:	0.654183	0.345817	0.000000	0.000000	0.000000
3	tsk_3	(x)	1	:	0.000000	1.000000	0.000000	0.000000	0.000000
4	tsk_4	(x)	1	:	1.000000	0.000000	0.000000	0.000000	0.000000
5	tsk_5	(x)	1	:	0.711500	0.288500	0.000000	0.000000	0.000000
6	tsk_6	(x)	1	:	0.000000	1.000000	0.000000	0.000000	0.000000
7	tsk_7	(x)	1	:	0.000000	1.000000	0.000000	0.000000	0.000000
8	tsk_8	(x)	1	:	0.662098	0.337902	0.000000	0.000000	0.000000
9	tsk_9	(x)	1	:	0.525092	0.474908	0.000000	0.000000	0.000000
10	tsk_10	(x)	1	:	0.080631	0.419561	0.499808	0.000000	0.000000
11	tsk_11	(x)	1	:	0.667236	0.332764	0.000000	0.000000	0.000000
12	tsk_12	(x)	1	:	0.500000	0.000000	0.000000	0.000000	0.500000
13	tsk_13	(x)	1	:	0.372370	0.127630	0.000000	0.500000	0.000000
14	tsk_14	(x)	1	:	0.000000	0.000279	0.499814	0.381825	0.118082
15	tsk_15	(x)	1	:	0.000000	0.000000	1.000000	0.000000	0.000000
16	tsk_16	(x)	1	:	0.644606	0.355394	0.000000	0.000000	0.000000
17	tsk_17	(x)	1	:	0.000000	1.000000	0.000000	0.000000	0.000000
18	tsk_18	(x)	1	:	0.000000	0.000000	1.000000	0.000000	0.000000
19	tsk_19	(x)	1	:	0.268123	0.231877	0.000000	0.000000	0.500000
20	tsk_20	(x)	1	:	0.000000	0.000000	0.000000	0.000000	1.000000
21	tsk_21	(x)	1	:	0.000000	0.000000	0.000000	0.000000	1.000000
22	tsk_22	(x)	1	:	0.000000	0.000000	0.000000	1.000000	0.000000
23	tsk_23	(x)	1	:	0.000000	0.000000	0.000000	0.368279	0.631721
24	tsk_24	(x)	1	:	0.000000	0.000000	0.000000	0.783222	0.216778
25	tsk_25	(x)	1	:	0.000000	0.000000	0.000000	0.712799	0.287201
26	tsk_26	(x)	1	:	0.000000	0.000000	0.000000	0.549273	0.450727
27	tsk_27	(x)	1	:	0.000000	0.000000	0.000000	0.712799	0.287201
28	tsk_28	(x)	1	:	0.000000	0.000000	0.000000	0.000000	1.000000
29	tsk_29	(x)	1	:	0.000000	0.000000	0.000000	0.543498	0.456502
