logL = -157.934672 (converged)
AIC = 543.869344
BIC = 703.605845

count.K
10 9 11 

