logL = -26.341244 (converged)
AIC = 424.682488
BIC = 685.305201

count.K
0 4 1 4 3 18 

