logL = -139.621724 (converged)
AIC = 399.243449
BIC = 483.315292

count.K
19 11 

