logL = -19.250051 (converged)
AIC = 242.500102
BIC = 385.422235

count.K
4 4 15 7 

