logL = -21.003425 (converged)
AIC = 254.006851
BIC = 402.533773

count.K
8 7 10 5 

