logL = -59.452412 (converged)
AIC = 526.904824
BIC = 812.749090

count.K
6 1 8 10 1 4 

