logL = -19.659504 (converged)
AIC = 177.319009
BIC = 274.001628

count.K
2 4 24 

