logL = -93.650278 (converged)
AIC = 439.300557
BIC = 615.851427

count.K
10 6 1 13 

