logL = -98.289399 (converged)
AIC = 676.578798
BIC = 1012.866170

count.K
15 4 6 2 2 1 

