logL = -102.215612 (converged)
AIC = 296.431223
BIC = 360.886303

count.K
20 10 

