logL = -68.274500 (converged)
AIC = 292.549000
BIC = 401.842396

count.K
13 8 9 

