logL = -38.008212 (converged)
AIC = 386.016425
BIC = 603.202019

count.K
0 4 8 14 4 

