logL = -52.700304 (converged)
AIC = 395.400609
BIC = 598.574229

count.K
1 6 10 1 12 

