logL = -94.678182 (converged)
AIC = 465.356363
BIC = 658.721602

count.K
3 6 13 8 

