logL = -34.039317 (converged)
AIC = 160.078634
BIC = 224.533713

count.K
24 6 

