logL = -259.837153 (converged)
AIC = 1009.674307
BIC = 1352.967665

count.K
12 3 5 0 10 

