0	tsk_0	(x)	1	:	0.000000	0.000082	0.000000	0.999918	0.000000
1	tsk_1	(x)	1	:	0.000000	0.527781	0.000000	0.472219	0.000000
2	tsk_2	(x)	1	:	0.000000	0.000099	0.000000	0.999901	0.000000
3	tsk_3	(x)	1	:	0.000000	0.000000	0.000000	1.000000	0.000000
4	tsk_4	(x)	1	:	0.000000	0.000214	0.000000	0.999786	0.000000
5	tsk_5	(x)	1	:	0.000000	0.000117	0.000000	0.999883	0.000000
6	tsk_6	(x)	1	:	0.000000	0.000000	0.000000	1.000000	0.000000
7	tsk_7	(x)	1	:	0.000000	0.000087	0.000000	0.999913	0.000000
8	tsk_8	(x)	1	:	0.000000	0.000000	0.000000	1.000000	0.000000
9	tsk_9	(x)	1	:	0.000000	0.000011	0.000000	0.999989	0.000000
10	tsk_10	(x)	1	:	0.347792	0.500001	0.152207	0.000000	0.000000
11	tsk_11	(x)	1	:	0.668452	0.000000	0.331548	0.000000	0.000000
12	tsk_12	(x)	1	:	0.735146	0.000000	0.264854	0.000000	0.000000
13	tsk_13	(x)	1	:	0.664042	0.000000	0.335958	0.000000	0.000000
14	tsk_14	(x)	1	:	0.678545	0.000000	0.321455	0.000000	0.000000
15	tsk_15	(x)	1	:	0.889048	0.000000	0.110952	0.000000	0.000000
16	tsk_16	(x)	1	:	0.000000	0.000000	1.000000	0.000000	0.000000
17	tsk_17	(x)	1	:	0.232263	0.499999	0.267737	0.000000	0.000000
18	tsk_18	(x)	1	:	0.665918	0.000000	0.334082	0.000000	0.000000
19	tsk_19	(x)	1	:	0.732626	0.000000	0.267374	0.000000	0.000000
20	tsk_20	(x)	1	:	0.585174	0.000000	0.414826	0.000000	0.000000
21	tsk_21	(x)	1	:	0.663105	0.000000	0.336895	0.000000	0.000000
22	tsk_22	(x)	1	:	0.084356	0.000000	0.064843	0.000000	0.850801
23	tsk_23	(x)	1	:	0.097874	0.000000	0.049139	0.000000	0.852987
24	tsk_24	(x)	1	:	0.049912	0.000000	0.085464	0.000000	0.864624
25	tsk_25	(x)	1	:	0.388875	0.000000	0.611125	0.000000	0.000000
26	tsk_26	(x)	1	:	0.092426	0.000000	0.053939	0.000000	0.853635
27	tsk_27	(x)	1	:	0.088546	0.000000	0.049973	0.000000	0.861481
28	tsk_28	(x)	1	:	0.742677	0.000000	0.257323	0.000000	0.000000
29	tsk_29	(x)	1	:	0.619874	0.000000	0.380126	0.000000	0.000000
