0	tsk_0	(x)	1	:	0.000000	0.621711	0.378289	0.000000
1	tsk_1	(x)	1	:	0.000000	0.353866	0.646133	0.000000
2	tsk_2	(x)	1	:	0.000000	0.459764	0.540236	0.000000
3	tsk_3	(x)	1	:	0.000000	0.758085	0.241915	0.000000
4	tsk_4	(x)	1	:	0.000000	0.614709	0.385291	0.000000
5	tsk_5	(x)	1	:	0.000000	0.860595	0.139405	0.000000
6	tsk_6	(x)	1	:	0.000000	0.249307	0.750693	0.000000
7	tsk_7	(x)	1	:	0.000000	0.000000	1.000000	0.000000
8	tsk_8	(x)	1	:	0.000000	0.406594	0.593406	0.000000
9	tsk_9	(x)	1	:	0.000000	0.858644	0.141356	0.000000
10	tsk_10	(x)	1	:	0.000000	0.000000	0.000000	1.000000
11	tsk_11	(x)	1	:	0.000000	0.704050	0.295950	0.000000
12	tsk_12	(x)	1	:	0.451000	0.000000	0.000000	0.549000
13	tsk_13	(x)	1	:	1.000000	0.000000	0.000000	0.000000
14	tsk_14	(x)	1	:	1.000000	0.000000	0.000000	0.000000
15	tsk_15	(x)	1	:	1.000000	0.000000	0.000000	0.000000
16	tsk_16	(x)	1	:	0.000000	0.000000	0.000000	1.000000
17	tsk_17	(x)	1	:	0.450797	0.000000	0.000000	0.549203
18	tsk_18	(x)	1	:	1.000000	0.000000	0.000000	0.000000
19	tsk_19	(x)	1	:	0.451000	0.000000	0.000000	0.549000
20	tsk_20	(x)	1	:	0.308352	0.000004	0.000070	0.691574
21	tsk_21	(x)	1	:	0.536632	0.000069	0.000163	0.463136
22	tsk_22	(x)	1	:	0.733130	0.000000	0.000000	0.266870
23	tsk_23	(x)	1	:	0.000000	0.392932	0.161545	0.445523
24	tsk_24	(x)	1	:	0.000000	0.307307	0.247170	0.445523
25	tsk_25	(x)	1	:	0.536719	0.000000	0.000001	0.463280
26	tsk_26	(x)	1	:	0.000000	0.000000	0.000000	1.000000
27	tsk_27	(x)	1	:	0.308379	0.000023	0.000000	0.691598
28	tsk_28	(x)	1	:	0.536718	0.000001	0.000002	0.463279
29	tsk_29	(x)	1	:	1.000000	0.000000	0.000000	0.000000
