logL = -50.956337 (converged)
AIC = 245.912675
BIC = 346.798886

count.K
12 14 4 

