logL = -72.205659 (converged)
AIC = 236.411319
BIC = 300.866398

count.K
26 4 

