logL = -91.933341 (converged)
AIC = 381.866681
BIC = 520.585222

count.K
16 5 9 

