logL = -132.657778 (converged)
AIC = 533.315555
BIC = 721.076004

count.K
7 10 5 8 

