0	tsk_0	(x)	1	:	0.000000	0.801065	0.000000	0.198935	0.000000	0.000000
1	tsk_1	(x)	1	:	0.000000	0.827395	0.000000	0.172605	0.000000	0.000000
2	tsk_2	(x)	1	:	0.000000	0.000000	0.000000	1.000000	0.000000	0.000000
3	tsk_3	(x)	1	:	0.000000	1.000000	0.000000	0.000000	0.000000	0.000000
4	tsk_4	(x)	1	:	0.000007	0.722493	0.000000	0.277500	0.000000	0.000000
5	tsk_5	(x)	1	:	0.000000	0.351979	0.000000	0.648021	0.000000	0.000000
6	tsk_6	(x)	1	:	0.000000	0.554723	0.000000	0.445277	0.000000	0.000000
7	tsk_7	(x)	1	:	0.000000	0.347499	0.000000	0.652501	0.000000	0.000000
8	tsk_8	(x)	1	:	0.000000	0.361116	0.000000	0.638884	0.000000	0.000000
9	tsk_9	(x)	1	:	0.000000	0.000000	0.000000	1.000000	0.000000	0.000000
10	tsk_10	(x)	1	:	0.863511	0.050592	0.000000	0.085897	0.000000	0.000000
11	tsk_11	(x)	1	:	0.862951	0.137049	0.000000	0.000000	0.000000	0.000000
12	tsk_12	(x)	1	:	0.863802	0.000000	0.000000	0.136198	0.000000	0.000000
13	tsk_13	(x)	1	:	0.000207	0.000000	0.000000	0.000000	0.000000	0.999793
14	tsk_14	(x)	1	:	0.000000	0.745661	0.000000	0.254338	0.000000	0.000000
15	tsk_15	(x)	1	:	0.000000	0.000000	0.000000	0.000000	0.000000	1.000000
16	tsk_16	(x)	1	:	0.000000	0.276565	0.000000	0.723435	0.000000	0.000000
17	tsk_17	(x)	1	:	0.000000	0.000000	0.504349	0.000000	0.495651	0.000000
18	tsk_18	(x)	1	:	0.860726	0.000000	0.000000	0.138923	0.000000	0.000351
19	tsk_19	(x)	1	:	0.856930	0.088594	0.000000	0.053415	0.000000	0.001061
20	tsk_20	(x)	1	:	0.000000	1.000000	0.000000	0.000000	0.000000	0.000000
21	tsk_21	(x)	1	:	0.000000	0.000000	0.000000	1.000000	0.000000	0.000000
22	tsk_22	(x)	1	:	0.000000	0.548911	0.000000	0.451089	0.000000	0.000000
23	tsk_23	(x)	1	:	0.000004	0.999996	0.000000	0.000000	0.000000	0.000000
24	tsk_24	(x)	1	:	0.000000	0.274391	0.000000	0.725609	0.000000	0.000000
25	tsk_25	(x)	1	:	0.000000	0.681303	0.000000	0.000000	0.000000	0.318697
26	tsk_26	(x)	1	:	0.000000	0.000000	0.000000	1.000000	0.000000	0.000000
27	tsk_27	(x)	1	:	0.000000	0.000000	0.000000	1.000000	0.000000	0.000000
28	tsk_28	(x)	1	:	0.000000	0.000000	0.000000	1.000000	0.000000	0.000000
29	tsk_29	(x)	1	:	0.000000	0.352006	0.000000	0.647994	0.000000	0.000000
