logL = -41.114535 (converged)
AIC = 362.229071
BIC = 558.396704

count.K
5 4 3 7 11 

