logL = -19.408233 (converged)
AIC = 318.816465
BIC = 514.984099

count.K
3 13 7 1 6 

