logL = -93.379068 (converged)
AIC = 270.758135
BIC = 329.608425

count.K
18 12 

