logL = -11.589778 (converged)
AIC = 235.179556
BIC = 383.706479

count.K
2 3 3 22 

