logL = -102.377588 (converged)
AIC = 488.755176
BIC = 687.725204

count.K
12 13 3 2 

