logL = -36.046505 (converged)
AIC = 352.093010
BIC = 548.260643

count.K
3 12 2 10 3 

