logL = -44.442960 (converged)
AIC = 324.885919
BIC = 490.227211

count.K
4 4 1 21 

