0	tsk_0	(x)	1	:	0.000000	0.303944	0.207165	0.488891	0.000000
1	tsk_1	(x)	1	:	0.000000	0.144226	0.366888	0.488886	0.000000
2	tsk_2	(x)	1	:	0.000000	0.374658	0.625342	0.000000	0.000000
3	tsk_3	(x)	1	:	0.000000	0.465663	0.534336	0.000000	0.000000
4	tsk_4	(x)	1	:	0.000000	0.367816	0.632184	0.000000	0.000000
5	tsk_5	(x)	1	:	0.000000	0.322364	0.188744	0.488892	0.000000
6	tsk_6	(x)	1	:	0.000000	0.642592	0.357408	0.000000	0.000000
7	tsk_7	(x)	1	:	0.000000	0.462377	0.537623	0.000000	0.000000
8	tsk_8	(x)	1	:	0.000000	0.053427	0.946573	0.000000	0.000000
9	tsk_9	(x)	1	:	0.000000	0.640437	0.359563	0.000000	0.000000
10	tsk_10	(x)	1	:	0.000000	0.002757	0.004795	0.457640	0.534808
11	tsk_11	(x)	1	:	0.000000	0.404216	0.000000	0.595784	0.000000
12	tsk_12	(x)	1	:	0.000000	0.000000	0.000000	1.000000	0.000000
13	tsk_13	(x)	1	:	0.000000	0.000000	0.000018	0.000000	0.999982
14	tsk_14	(x)	1	:	0.000000	0.000000	0.000000	0.000000	1.000000
15	tsk_15	(x)	1	:	0.000000	0.011341	0.082982	0.485432	0.420244
16	tsk_16	(x)	1	:	0.000000	0.179080	0.332032	0.488887	0.000000
17	tsk_17	(x)	1	:	0.000000	0.000000	0.000000	0.412056	0.587944
18	tsk_18	(x)	1	:	0.000000	0.000000	0.511147	0.488853	0.000000
19	tsk_19	(x)	1	:	0.000000	0.511102	0.000000	0.488898	0.000000
20	tsk_20	(x)	1	:	1.000000	0.000000	0.000000	0.000000	0.000000
21	tsk_21	(x)	1	:	1.000000	0.000000	0.000000	0.000000	0.000000
22	tsk_22	(x)	1	:	1.000000	0.000000	0.000000	0.000000	0.000000
23	tsk_23	(x)	1	:	0.497542	0.000000	0.502458	0.000000	0.000000
24	tsk_24	(x)	1	:	1.000000	0.000000	0.000000	0.000000	0.000000
25	tsk_25	(x)	1	:	0.537410	0.036923	0.425667	0.000000	0.000000
26	tsk_26	(x)	1	:	1.000000	0.000000	0.000000	0.000000	0.000000
27	tsk_27	(x)	1	:	0.497542	0.000000	0.502458	0.000000	0.000000
28	tsk_28	(x)	1	:	1.000000	0.000000	0.000000	0.000000	0.000000
29	tsk_29	(x)	1	:	1.000000	0.000000	0.000000	0.000000	0.000000
