logL = -59.823760 (converged)
AIC = 211.647520
BIC = 276.102599

count.K
18 12 

