logL = -138.193687 (converged)
AIC = 388.387373
BIC = 466.854427

count.K
20 10 

