logL = -38.580320 (converged)
AIC = 485.160640
BIC = 771.004906

count.K
10 4 10 5 0 1 

