0	tsk_0	(x)	1	:	0.000000	0.000000	0.000000	0.500000	0.285583	0.214417
1	tsk_1	(x)	1	:	0.000000	0.000000	0.000000	0.000000	0.380108	0.619892
2	tsk_2	(x)	1	:	0.000000	0.000000	0.000000	0.000000	0.555191	0.444809
3	tsk_3	(x)	1	:	0.000000	0.000000	0.000000	1.000000	0.000000	0.000000
4	tsk_4	(x)	1	:	0.000000	0.000000	0.000000	0.000000	0.381299	0.618701
5	tsk_5	(x)	1	:	0.000000	0.000000	0.000000	0.500000	0.238569	0.261431
6	tsk_6	(x)	1	:	0.000000	0.000000	0.000000	0.000000	0.624173	0.375827
7	tsk_7	(x)	1	:	0.000000	0.000000	0.000000	0.500000	0.160692	0.339308
8	tsk_8	(x)	1	:	0.000000	0.000000	0.000000	0.500000	0.180161	0.319839
9	tsk_9	(x)	1	:	0.000000	0.000000	0.000000	1.000000	0.000000	0.000000
10	tsk_10	(x)	1	:	0.000000	0.000000	0.000000	0.000000	0.711187	0.288813
11	tsk_11	(x)	1	:	0.000000	0.000000	0.000000	0.000000	0.424308	0.575692
12	tsk_12	(x)	1	:	0.000000	0.000000	0.000000	0.000000	0.717241	0.282759
13	tsk_13	(x)	1	:	0.000000	0.000000	0.000000	0.000000	0.379907	0.620092
14	tsk_14	(x)	1	:	0.000000	0.000000	0.000000	0.000000	0.652370	0.347630
15	tsk_15	(x)	1	:	0.000000	0.000000	0.000000	0.000000	0.622360	0.377640
16	tsk_16	(x)	1	:	0.000000	0.000000	0.000000	0.000000	0.713905	0.286094
17	tsk_17	(x)	1	:	0.000000	0.000000	0.000000	0.000000	0.482710	0.517290
18	tsk_18	(x)	1	:	0.000000	0.000000	0.000000	0.000000	0.712867	0.287133
19	tsk_19	(x)	1	:	0.000000	0.000000	0.000000	0.000000	0.379761	0.620239
20	tsk_20	(x)	1	:	0.000000	0.000000	0.000000	0.000000	0.000000	1.000000
21	tsk_21	(x)	1	:	0.000000	0.000000	0.000000	0.000000	0.709501	0.290499
22	tsk_22	(x)	1	:	0.000321	0.000000	0.500192	0.000000	0.249727	0.249760
23	tsk_23	(x)	1	:	0.000000	0.000000	0.000000	0.000000	0.648847	0.351153
24	tsk_24	(x)	1	:	0.000000	0.500000	0.000000	0.000000	0.355838	0.144162
25	tsk_25	(x)	1	:	0.999789	0.000000	0.000000	0.000000	0.000211	0.000000
26	tsk_26	(x)	1	:	0.000000	0.500000	0.000000	0.000000	0.187391	0.312609
27	tsk_27	(x)	1	:	0.000000	0.000000	0.000000	0.000000	1.000000	0.000000
28	tsk_28	(x)	1	:	0.000000	0.000000	0.000000	0.000000	0.289085	0.710915
29	tsk_29	(x)	1	:	0.000000	0.500280	0.499720	0.000000	0.000000	0.000000
