logL = -140.125656 (converged)
AIC = 380.251312
BIC = 450.311181

count.K
24 6 

