logL = -57.530672 (converged)
AIC = 259.061344
BIC = 359.947555

count.K
7 16 7 

