logL = -25.486176 (converged)
AIC = 350.972352
BIC = 561.151959

count.K
4 1 7 1 17 

