logL = -33.713137 (converged)
AIC = 451.426275
BIC = 720.456172

count.K
1 2 11 10 5 1 

