logL = -69.438599 (converged)
AIC = 218.877198
BIC = 274.925093

count.K
10 20 

