logL = -47.134021 (converged)
AIC = 466.268041
BIC = 726.890754

count.K
4 7 3 6 4 6 

