logL = -31.816608 (converged)
AIC = 435.633216
BIC = 696.255929

count.K
8 13 2 3 3 1 

