logL = -61.886444 (converged)
AIC = 493.772888
BIC = 752.994403

count.K
7 2 5 3 13 

