logL = -25.995937 (converged)
AIC = 435.991873
BIC = 705.021771

count.K
7 1 1 2 8 11 

