logL = -73.549780 (converged)
AIC = 399.099560
BIC = 575.650430

count.K
7 0 16 7 

