logL = -25.820354 (converged)
AIC = 399.640707
BIC = 643.449052

count.K
6 10 2 2 8 2 

