logL = -20.202047 (converged)
AIC = 388.404095
BIC = 632.212439

count.K
8 2 10 4 0 6 

