logL = -27.540690 (converged)
AIC = 335.081380
BIC = 531.249013

count.K
11 3 7 3 6 

