logL = -116.940172 (converged)
AIC = 643.880344
BIC = 931.125808

count.K
7 14 4 3 2 

