logL = -80.632037 (converged)
AIC = 501.264074
BIC = 739.467629

count.K
9 2 7 7 5 

