logL = -84.609969 (converged)
AIC = 337.219939
BIC = 454.920519

count.K
11 11 8 

