logL = -153.462471 (converged)
AIC = 630.924943
BIC = 857.918919

count.K
11 9 6 4 

