logL = -58.559374 (converged)
AIC = 525.118748
BIC = 810.963014

count.K
10 1 8 7 1 3 

