0	tsk_0	(x)	1	:	0.800225	0.199775	0.000000
1	tsk_1	(x)	1	:	0.971653	0.028347	0.000000
2	tsk_2	(x)	1	:	0.886478	0.113522	0.000000
3	tsk_3	(x)	1	:	0.796456	0.203544	0.000000
4	tsk_4	(x)	1	:	0.863067	0.136933	0.000000
5	tsk_5	(x)	1	:	0.917167	0.082833	0.000000
6	tsk_6	(x)	1	:	0.885886	0.114114	0.000000
7	tsk_7	(x)	1	:	0.846591	0.153409	0.000000
8	tsk_8	(x)	1	:	0.756322	0.243678	0.000000
9	tsk_9	(x)	1	:	0.914502	0.085498	0.000000
10	tsk_10	(x)	1	:	0.944965	0.055035	0.000000
11	tsk_11	(x)	1	:	0.291998	0.202036	0.505965
12	tsk_12	(x)	1	:	0.875074	0.124926	0.000000
13	tsk_13	(x)	1	:	0.756359	0.243641	0.000000
14	tsk_14	(x)	1	:	0.899432	0.100568	0.000000
15	tsk_15	(x)	1	:	0.939264	0.060736	0.000000
16	tsk_16	(x)	1	:	0.897541	0.102459	0.000000
17	tsk_17	(x)	1	:	0.878076	0.121924	0.000000
18	tsk_18	(x)	1	:	0.288313	0.205746	0.505941
19	tsk_19	(x)	1	:	0.817548	0.182452	0.000000
20	tsk_20	(x)	1	:	0.000000	0.000000	1.000000
21	tsk_21	(x)	1	:	0.000000	0.000000	1.000000
22	tsk_22	(x)	1	:	0.000000	0.000000	1.000000
23	tsk_23	(x)	1	:	0.000000	0.000000	1.000000
24	tsk_24	(x)	1	:	0.000000	0.000000	1.000000
25	tsk_25	(x)	1	:	0.000000	0.000000	1.000000
26	tsk_26	(x)	1	:	0.000000	0.000000	1.000000
27	tsk_27	(x)	1	:	0.000000	0.000000	1.000000
28	tsk_28	(x)	1	:	0.325508	0.182279	0.492213
29	tsk_29	(x)	1	:	0.000000	0.000000	1.000000
