0	tsk_0	(x)	1	:	0.693924	0.247698	0.000000	0.000000	0.058378	0.000000
1	tsk_1	(x)	1	:	0.000000	0.933161	0.000000	0.000000	0.066839	0.000000
2	tsk_2	(x)	1	:	0.000000	0.000000	0.000000	0.000000	1.000000	0.000000
3	tsk_3	(x)	1	:	0.000000	1.000000	0.000000	0.000000	0.000000	0.000000
4	tsk_4	(x)	1	:	0.000000	0.703152	0.000000	0.000000	0.296848	0.000000
5	tsk_5	(x)	1	:	0.000000	1.000000	0.000000	0.000000	0.000000	0.000000
6	tsk_6	(x)	1	:	0.693924	0.235522	0.000000	0.000000	0.070554	0.000000
7	tsk_7	(x)	1	:	0.000000	0.770031	0.000000	0.000000	0.229969	0.000000
8	tsk_8	(x)	1	:	0.000000	0.012661	0.971834	0.000000	0.015505	0.000000
9	tsk_9	(x)	1	:	0.000000	0.000000	1.000000	0.000000	0.000000	0.000000
10	tsk_10	(x)	1	:	0.000000	0.193359	0.000000	0.806641	0.000000	0.000000
11	tsk_11	(x)	1	:	0.000000	0.068021	0.000000	0.805190	0.124989	0.001799
12	tsk_12	(x)	1	:	0.000000	0.000000	0.000000	0.806641	0.193359	0.000000
13	tsk_13	(x)	1	:	0.000000	0.000000	0.000000	0.806641	0.193359	0.000000
14	tsk_14	(x)	1	:	0.000000	0.056657	0.000000	0.803261	0.135891	0.004191
15	tsk_15	(x)	1	:	0.000000	0.061830	0.000000	0.803228	0.130710	0.004232
16	tsk_16	(x)	1	:	0.000000	0.061904	0.000000	0.804068	0.130838	0.003191
17	tsk_17	(x)	1	:	0.000000	0.000000	0.000000	0.801945	0.192233	0.005822
18	tsk_18	(x)	1	:	0.000000	0.000000	0.000000	0.803775	0.192671	0.003554
19	tsk_19	(x)	1	:	0.000000	0.193359	0.000000	0.806641	0.000000	0.000000
20	tsk_20	(x)	1	:	0.000000	0.739156	0.000000	0.000000	0.260844	0.000000
21	tsk_21	(x)	1	:	0.000000	0.000000	0.000000	0.000000	1.000000	0.000000
22	tsk_22	(x)	1	:	0.000000	0.192750	0.000000	0.000000	0.307250	0.500000
23	tsk_23	(x)	1	:	0.000000	0.000000	0.000000	0.000000	0.000000	1.000000
24	tsk_24	(x)	1	:	0.000000	0.499195	0.000000	0.000000	0.000000	0.500805
25	tsk_25	(x)	1	:	0.000000	0.557516	0.000000	0.000000	0.442484	0.000000
26	tsk_26	(x)	1	:	0.000000	0.000000	0.000000	0.000000	0.000000	1.000000
27	tsk_27	(x)	1	:	0.000000	0.000000	0.000000	0.000000	0.500000	0.500000
28	tsk_28	(x)	1	:	0.000000	0.000000	0.000000	0.000000	0.500000	0.500000
29	tsk_29	(x)	1	:	0.000000	0.337245	0.000000	0.000000	0.162755	0.500000
