logL = -47.920867 (converged)
AIC = 331.841733
BIC = 497.183024

count.K
10 3 8 9 

