logL = -61.372591 (converged)
AIC = 214.745182
BIC = 279.200261

count.K
24 6 

