logL = -77.655256 (converged)
AIC = 475.310513
BIC = 699.502094

count.K
9 7 3 7 4 

