logL = -166.240890 (converged)
AIC = 560.481780
BIC = 720.218281

count.K
11 14 5 

