logL = -57.630488 (converged)
AIC = 295.260977
BIC = 421.368741

count.K
3 6 21 

