logL = -100.737127 (converged)
AIC = 693.474254
BIC = 1038.168810

count.K
9 5 1 4 8 3 

