logL = -197.595685 (converged)
AIC = 727.191370
BIC = 959.790135

count.K
10 7 7 6 

