logL = -89.160804 (converged)
AIC = 274.321608
BIC = 341.579083

count.K
18 12 

