logL = -52.870526 (converged)
AIC = 341.741053
BIC = 507.082344

count.K
2 8 10 10 

