logL = -136.520158 (converged)
AIC = 483.040317
BIC = 630.166042

count.K
1 18 11 

