logL = -26.340463 (converged)
AIC = 412.680926
BIC = 664.896454

count.K
1 15 7 1 3 3 

