logL = -33.183924 (converged)
AIC = 286.367848
BIC = 440.499560

count.K
11 5 9 5 

