logL = -2.772591 (converged)
AIC = 329.545181
BIC = 556.539157

count.K
1 1 10 4 4 10 

