logL = -51.129080 (converged)
AIC = 198.258160
BIC = 265.515634

count.K
9 21 

