logL = -52.548486 (converged)
AIC = 193.096972
BIC = 254.749656

count.K
9 21 

