logL = -29.156579 (converged)
AIC = 338.313159
BIC = 534.480792

count.K
2 7 11 1 9 

