0	tsk_0	(x)	1	:	0.082970	0.406487	0.510543	0.000000
1	tsk_1	(x)	1	:	0.394441	0.095044	0.510515	0.000000
2	tsk_2	(x)	1	:	0.000000	1.000000	0.000000	0.000000
3	tsk_3	(x)	1	:	0.000000	0.000000	1.000000	0.000000
4	tsk_4	(x)	1	:	0.450046	0.549936	0.000000	0.000018
5	tsk_5	(x)	1	:	0.000073	0.000075	0.541932	0.457921
6	tsk_6	(x)	1	:	0.000000	0.000000	1.000000	0.000000
7	tsk_7	(x)	1	:	0.000000	0.000000	1.000000	0.000000
8	tsk_8	(x)	1	:	0.000000	0.000000	1.000000	0.000000
9	tsk_9	(x)	1	:	0.452863	0.547127	0.000000	0.000010
10	tsk_10	(x)	1	:	0.248418	0.751582	0.000000	0.000000
11	tsk_11	(x)	1	:	0.450512	0.549478	0.000000	0.000010
12	tsk_12	(x)	1	:	0.629741	0.370251	0.000000	0.000008
13	tsk_13	(x)	1	:	0.450512	0.549478	0.000000	0.000010
14	tsk_14	(x)	1	:	0.784759	0.215241	0.000000	0.000000
15	tsk_15	(x)	1	:	0.347352	0.652648	0.000000	0.000000
16	tsk_16	(x)	1	:	0.555175	0.444825	0.000000	0.000000
17	tsk_17	(x)	1	:	0.529189	0.470811	0.000000	0.000000
18	tsk_18	(x)	1	:	0.558145	0.441855	0.000000	0.000000
19	tsk_19	(x)	1	:	0.558352	0.441648	0.000000	0.000000
20	tsk_20	(x)	1	:	0.737739	0.262256	0.000000	0.000005
21	tsk_21	(x)	1	:	0.448222	0.551778	0.000000	0.000000
22	tsk_22	(x)	1	:	0.791385	0.208599	0.000000	0.000015
23	tsk_23	(x)	1	:	0.282561	0.717439	0.000000	0.000000
24	tsk_24	(x)	1	:	0.000220	0.000054	0.000000	0.999726
25	tsk_25	(x)	1	:	0.828477	0.171517	0.000000	0.000006
26	tsk_26	(x)	1	:	0.450046	0.549936	0.000000	0.000018
27	tsk_27	(x)	1	:	0.452199	0.547801	0.000000	0.000000
28	tsk_28	(x)	1	:	0.635683	0.364307	0.000000	0.000010
29	tsk_29	(x)	1	:	0.560333	0.439654	0.000000	0.000012
