logL = -56.411589 (converged)
AIC = 380.823178
BIC = 568.583628

count.K
5 0 13 12 

