logL = -42.688430 (converged)
AIC = 165.376860
BIC = 221.424755

count.K
14 16 

