logL = -21.588818 (converged)
AIC = 403.177635
BIC = 655.393164

count.K
3 7 5 1 7 7 

