logL = -46.558309 (converged)
AIC = 513.116618
BIC = 807.368068

count.K
8 3 11 5 2 1 

