logL = -94.354719 (converged)
AIC = 504.709438
BIC = 726.098625

count.K
6 12 8 4 

