logL = -45.569569 (converged)
AIC = 259.139138
BIC = 376.839718

count.K
4 17 9 

