logL = -58.983505 (converged)
AIC = 457.967009
BIC = 696.170564

count.K
12 8 5 1 4 

