logL = -13.762814 (converged)
AIC = 311.525629
BIC = 510.495657

count.K
10 1 9 10 

