logL = -121.836015 (converged)
AIC = 633.672031
BIC = 906.905520

count.K
2 9 7 9 3 

