logL = -31.352161 (converged)
AIC = 422.704323
BIC = 674.919852

count.K
2 8 1 3 11 5 

