logL = -125.463290 (converged)
AIC = 436.926580
BIC = 567.237937

count.K
4 11 15 

