logL = -16.113394 (converged)
AIC = 302.226788
BIC = 491.388435

count.K
4 18 4 2 2 

