logL = -18.558413 (converged)
AIC = 397.116826
BIC = 649.332355

count.K
3 2 10 7 8 0 

