logL = -59.679358 (converged)
AIC = 281.358716
BIC = 394.855704

count.K
8 19 3 

