logL = -59.455159 (converged)
AIC = 478.910318
BIC = 731.125846

count.K
5 7 2 5 11 

