0	tsk_0	(x)	1	:	0.000000	0.182246	0.000000	0.817754
1	tsk_1	(x)	1	:	0.423411	0.177354	0.000000	0.399235
2	tsk_2	(x)	1	:	0.000000	0.316369	0.000000	0.683631
3	tsk_3	(x)	1	:	0.000000	0.000000	0.000000	1.000000
4	tsk_4	(x)	1	:	1.000000	0.000000	0.000000	0.000000
5	tsk_5	(x)	1	:	0.307586	0.117926	0.000000	0.574489
6	tsk_6	(x)	1	:	0.000000	0.000000	0.000000	1.000000
7	tsk_7	(x)	1	:	0.000000	0.316369	0.000000	0.683631
8	tsk_8	(x)	1	:	0.000000	0.316369	0.000000	0.683631
9	tsk_9	(x)	1	:	0.423411	0.177354	0.000000	0.399235
10	tsk_10	(x)	1	:	0.000000	0.475515	0.000000	0.524485
11	tsk_11	(x)	1	:	0.829198	0.170802	0.000000	0.000000
12	tsk_12	(x)	1	:	0.000000	0.318958	0.000000	0.681042
13	tsk_13	(x)	1	:	0.604417	0.113738	0.000000	0.281845
14	tsk_14	(x)	1	:	0.697414	0.302586	0.000000	0.000000
15	tsk_15	(x)	1	:	0.430040	0.167571	0.000000	0.402389
16	tsk_16	(x)	1	:	0.530556	0.469444	0.000000	0.000000
17	tsk_17	(x)	1	:	0.430040	0.167571	0.000000	0.402389
18	tsk_18	(x)	1	:	0.000000	0.500000	0.500000	0.000000
19	tsk_19	(x)	1	:	0.514166	0.000000	0.000000	0.485834
20	tsk_20	(x)	1	:	0.171153	0.157694	0.500000	0.171153
21	tsk_21	(x)	1	:	0.519451	0.000000	0.000000	0.480549
22	tsk_22	(x)	1	:	0.515515	0.000000	0.000000	0.484485
23	tsk_23	(x)	1	:	0.684038	0.000000	0.000000	0.315962
24	tsk_24	(x)	1	:	0.000000	0.000000	1.000000	0.000000
25	tsk_25	(x)	1	:	0.000000	0.000000	0.000000	1.000000
26	tsk_26	(x)	1	:	0.000000	0.000000	1.000000	0.000000
27	tsk_27	(x)	1	:	0.840175	0.159825	0.000000	0.000000
28	tsk_28	(x)	1	:	0.000000	0.000000	1.000000	0.000000
29	tsk_29	(x)	1	:	0.430040	0.167571	0.000000	0.402389
