logL = -3.250829 (converged)
AIC = 132.501657
BIC = 220.777092

count.K
9 16 5 

