logL = -81.996396 (converged)
AIC = 595.992791
BIC = 898.651426

count.K
11 0 3 6 0 10 

