logL = -84.736196 (converged)
AIC = 613.472392
BIC = 924.538210

count.K
5 5 2 10 0 8 

