logL = -166.864855 (converged)
AIC = 453.729710
BIC = 537.801553

count.K
9 21 

