logL = -73.410121 (converged)
AIC = 246.820242
BIC = 316.880111

count.K
24 6 

