logL = -71.783107 (converged)
AIC = 227.566215
BIC = 286.416505

count.K
4 26 

