logL = -46.815303 (converged)
AIC = 305.630607
BIC = 454.157529

count.K
2 4 10 14 

