logL = -38.370725 (converged)
AIC = 244.741449
BIC = 362.442029

count.K
2 26 2 

