logL = -110.576803 (converged)
AIC = 505.153607
BIC = 704.123635

count.K
16 8 2 4 

