logL = -52.761035 (converged)
AIC = 193.522070
BIC = 255.174755

count.K
10 20 

