logL = -44.603971 (converged)
AIC = 389.207943
BIC = 599.387550

count.K
1 8 7 7 7 

