logL = -18.542837 (converged)
AIC = 385.085674
BIC = 628.894019

count.K
3 1 1 7 5 13 

