logL = -74.333684 (converged)
AIC = 592.667367
BIC = 903.733186

count.K
12 4 6 4 3 1 

