logL = -41.104171 (converged)
AIC = 232.208343
BIC = 337.298146

count.K
1 4 25 

