logL = -36.395302 (converged)
AIC = 444.790605
BIC = 705.413318

count.K
8 6 1 1 14 0 

