0	tsk_0	(x)	1	:	0.000000	0.227626	0.000000	0.772373	0.000000	0.000001
1	tsk_1	(x)	1	:	0.000000	0.015171	0.446620	0.538209	0.000000	0.000000
2	tsk_2	(x)	1	:	0.000000	0.105676	0.000000	0.894323	0.000000	0.000001
3	tsk_3	(x)	1	:	0.000000	0.000000	0.446531	0.553469	0.000000	0.000000
4	tsk_4	(x)	1	:	0.000000	0.064894	0.000000	0.935106	0.000000	0.000001
5	tsk_5	(x)	1	:	0.000000	0.055562	0.000000	0.944438	0.000000	0.000000
6	tsk_6	(x)	1	:	0.000000	0.000000	0.000000	0.999998	0.000000	0.000002
7	tsk_7	(x)	1	:	0.000000	0.000048	0.446590	0.553362	0.000000	0.000000
8	tsk_8	(x)	1	:	0.000000	0.020697	0.446759	0.532543	0.000000	0.000001
9	tsk_9	(x)	1	:	0.000000	0.000000	1.000000	0.000000	0.000000	0.000000
10	tsk_10	(x)	1	:	0.259327	0.000027	0.521993	0.000034	0.218620	0.000000
11	tsk_11	(x)	1	:	0.108920	0.220359	0.000000	0.279641	0.391078	0.000002
12	tsk_12	(x)	1	:	0.317070	0.000027	0.521980	0.000051	0.160872	0.000000
13	tsk_13	(x)	1	:	0.393222	0.000075	0.521962	0.000029	0.084713	0.000000
14	tsk_14	(x)	1	:	0.000000	0.000000	0.575019	0.424980	0.000000	0.000000
15	tsk_15	(x)	1	:	0.000000	0.000000	1.000000	0.000000	0.000000	0.000000
16	tsk_16	(x)	1	:	0.000000	0.000000	1.000000	0.000000	0.000000	0.000000
17	tsk_17	(x)	1	:	0.195995	0.000094	0.521956	0.000018	0.281937	0.000000
18	tsk_18	(x)	1	:	0.459449	0.045460	0.445329	0.009616	0.040147	0.000000
19	tsk_19	(x)	1	:	0.000000	0.000000	1.000000	0.000000	0.000000	0.000000
20	tsk_20	(x)	1	:	0.567486	0.000000	0.000000	0.000000	0.432514	0.000000
21	tsk_21	(x)	1	:	0.296592	0.000000	0.000000	0.000000	0.203408	0.500000
22	tsk_22	(x)	1	:	0.684569	0.000000	0.000000	0.000000	0.315431	0.000000
23	tsk_23	(x)	1	:	0.499376	0.000000	0.000000	0.000000	0.500624	0.000000
24	tsk_24	(x)	1	:	0.513191	0.000000	0.000000	0.000000	0.486809	0.000000
25	tsk_25	(x)	1	:	0.153101	0.000000	0.000000	0.000000	0.846899	0.000000
26	tsk_26	(x)	1	:	0.640093	0.000000	0.000000	0.000000	0.359907	0.000000
27	tsk_27	(x)	1	:	0.472192	0.000000	0.000000	0.000000	0.527808	0.000000
28	tsk_28	(x)	1	:	0.221447	0.000000	0.000000	0.000000	0.778553	0.000000
29	tsk_29	(x)	1	:	0.449473	0.000000	0.000000	0.000000	0.550527	0.000000
