logL = -24.957438 (converged)
AIC = 409.914876
BIC = 662.130405

count.K
7 13 3 2 3 2 

