logL = -77.632884 (converged)
AIC = 635.265768
BIC = 971.553139

count.K
0 3 1 8 4 14 

