logL = -87.560520 (converged)
AIC = 505.121039
BIC = 736.318607

count.K
5 16 3 5 1 

