0	tsk_0	(x)	1	:	0.000000	0.000000	0.000000	0.503330	0.000000	0.496670
1	tsk_1	(x)	1	:	0.000000	0.000000	0.000000	0.000000	0.000000	1.000000
2	tsk_2	(x)	1	:	0.000000	0.000000	0.000000	0.000000	0.000000	1.000000
3	tsk_3	(x)	1	:	0.000000	0.000000	0.000000	0.000000	0.000000	1.000000
4	tsk_4	(x)	1	:	0.000000	0.000000	0.000000	0.503330	0.000000	0.496670
5	tsk_5	(x)	1	:	0.000000	0.000000	0.000000	0.000000	0.000000	1.000000
6	tsk_6	(x)	1	:	0.000000	0.000000	0.000000	0.503329	0.000000	0.496671
7	tsk_7	(x)	1	:	0.000000	0.000000	0.000000	0.613777	0.000000	0.386223
8	tsk_8	(x)	1	:	0.000000	0.000000	0.000000	0.000000	0.000000	1.000000
9	tsk_9	(x)	1	:	0.000000	0.000000	0.000000	0.000000	0.000000	1.000000
10	tsk_10	(x)	1	:	0.000000	0.000000	0.317806	0.489994	0.192200	0.000000
11	tsk_11	(x)	1	:	0.000000	0.000000	0.219803	0.000000	0.117353	0.662844
12	tsk_12	(x)	1	:	0.000000	0.000000	0.401129	0.000000	0.111584	0.487287
13	tsk_13	(x)	1	:	0.512713	0.000000	0.000000	0.000000	0.000000	0.487287
14	tsk_14	(x)	1	:	0.000000	0.000000	0.345775	0.489994	0.164231	0.000000
15	tsk_15	(x)	1	:	0.499999	0.000000	0.074073	0.000000	0.425928	0.000000
16	tsk_16	(x)	1	:	0.000000	0.000000	0.924958	0.000000	0.075042	0.000000
17	tsk_17	(x)	1	:	0.000000	0.512288	0.000000	0.487712	0.000000	0.000000
18	tsk_18	(x)	1	:	0.000000	0.000000	0.908073	0.000000	0.091927	0.000000
19	tsk_19	(x)	1	:	0.000000	0.000000	0.430412	0.000000	0.082301	0.487287
20	tsk_20	(x)	1	:	0.500000	0.000000	0.500000	0.000000	0.000000	0.000000
21	tsk_21	(x)	1	:	0.499999	0.000000	0.158266	0.000000	0.341735	0.000000
22	tsk_22	(x)	1	:	0.000000	0.000000	0.922712	0.000000	0.077288	0.000000
23	tsk_23	(x)	1	:	0.000000	0.000000	0.781493	0.000000	0.218507	0.000000
24	tsk_24	(x)	1	:	1.000000	0.000000	0.000000	0.000000	0.000000	0.000000
25	tsk_25	(x)	1	:	0.500000	0.000000	0.338076	0.000000	0.161925	0.000000
26	tsk_26	(x)	1	:	0.499999	0.000000	0.223893	0.000000	0.276107	0.000000
27	tsk_27	(x)	1	:	0.499999	0.000000	0.297458	0.000000	0.202543	0.000000
28	tsk_28	(x)	1	:	0.000000	0.000000	0.959682	0.000000	0.040318	0.000000
29	tsk_29	(x)	1	:	0.500000	0.000000	0.500000	0.000000	0.000000	0.000000
