logL = -101.402509 (converged)
AIC = 742.805018
BIC = 1121.128311

count.K
2 1 8 0 4 15 

