logL = -22.287334 (converged)
AIC = 288.574668
BIC = 459.520748

count.K
7 3 14 6 

