logL = -104.516090 (converged)
AIC = 301.032180
BIC = 365.487260

count.K
17 13 

