0	tsk_0	(x)	1	:	0.000000	0.000000	0.513346	0.486654
1	tsk_1	(x)	1	:	0.000000	0.000000	1.000000	0.000000
2	tsk_2	(x)	1	:	0.000000	0.000000	0.513355	0.486645
3	tsk_3	(x)	1	:	0.000000	0.000000	0.513333	0.486667
4	tsk_4	(x)	1	:	0.000000	0.000000	0.000000	1.000000
5	tsk_5	(x)	1	:	0.000000	0.000000	0.513329	0.486671
6	tsk_6	(x)	1	:	0.000000	0.000000	0.513340	0.486660
7	tsk_7	(x)	1	:	0.000000	0.000000	0.000000	1.000000
8	tsk_8	(x)	1	:	0.000000	0.000000	0.000000	1.000000
9	tsk_9	(x)	1	:	0.000000	0.000000	0.000000	1.000000
10	tsk_10	(x)	1	:	0.000000	0.000000	0.000000	1.000000
11	tsk_11	(x)	1	:	0.508252	0.491748	0.000000	0.000000
12	tsk_12	(x)	1	:	0.171012	0.828988	0.000000	0.000000
13	tsk_13	(x)	1	:	0.000000	0.000000	0.513346	0.486654
14	tsk_14	(x)	1	:	0.393054	0.102488	0.031659	0.472799
15	tsk_15	(x)	1	:	0.405439	0.594561	0.000000	0.000000
16	tsk_16	(x)	1	:	0.350948	0.146921	0.022089	0.480042
17	tsk_17	(x)	1	:	0.331379	0.114547	0.000001	0.554073
18	tsk_18	(x)	1	:	0.506248	0.493752	0.000000	0.000000
19	tsk_19	(x)	1	:	0.406797	0.593203	0.000000	0.000000
20	tsk_20	(x)	1	:	0.761967	0.238033	0.000000	0.000000
21	tsk_21	(x)	1	:	0.607182	0.392818	0.000000	0.000000
22	tsk_22	(x)	1	:	0.506841	0.493159	0.000000	0.000000
23	tsk_23	(x)	1	:	0.607212	0.392788	0.000000	0.000000
24	tsk_24	(x)	1	:	1.000000	0.000000	0.000000	0.000000
25	tsk_25	(x)	1	:	0.405983	0.594017	0.000000	0.000000
26	tsk_26	(x)	1	:	0.610011	0.389989	0.000000	0.000000
27	tsk_27	(x)	1	:	0.755475	0.244525	0.000000	0.000000
28	tsk_28	(x)	1	:	0.405439	0.594561	0.000000	0.000000
29	tsk_29	(x)	1	:	0.506849	0.493151	0.000000	0.000000
