logL = -38.816639 (converged)
AIC = 485.633277
BIC = 771.477543

count.K
9 12 2 1 5 1 

