0	tsk_0	(x)	1	:	0.239106	0.294346	0.000028	0.466520	0.000000
1	tsk_1	(x)	1	:	0.714484	0.000000	0.000000	0.285516	0.000000
2	tsk_2	(x)	1	:	0.023050	0.000000	0.956010	0.020940	0.000000
3	tsk_3	(x)	1	:	0.000000	0.000000	0.964554	0.035446	0.000000
4	tsk_4	(x)	1	:	0.350842	0.000000	0.000000	0.649158	0.000000
5	tsk_5	(x)	1	:	0.273625	0.294343	0.000018	0.432014	0.000000
6	tsk_6	(x)	1	:	0.029576	0.000000	0.956798	0.013625	0.000000
7	tsk_7	(x)	1	:	0.771820	0.000000	0.000000	0.228180	0.000000
8	tsk_8	(x)	1	:	0.000000	0.000001	0.954212	0.045787	0.000000
9	tsk_9	(x)	1	:	0.543727	0.000000	0.000000	0.456273	0.000000
10	tsk_10	(x)	1	:	0.544092	0.000000	0.000000	0.455908	0.000000
11	tsk_11	(x)	1	:	0.390087	0.609895	0.000017	0.000000	0.000000
12	tsk_12	(x)	1	:	0.598439	0.401501	0.000060	0.000000	0.000000
13	tsk_13	(x)	1	:	0.376264	0.000000	0.000000	0.623736	0.000000
14	tsk_14	(x)	1	:	0.065524	0.401450	0.000000	0.533026	0.000000
15	tsk_15	(x)	1	:	0.000000	1.000000	0.000000	0.000000	0.000000
16	tsk_16	(x)	1	:	0.428387	0.000000	0.000000	0.571613	0.000000
17	tsk_17	(x)	1	:	0.548795	0.000000	0.000000	0.451205	0.000000
18	tsk_18	(x)	1	:	0.127458	0.401458	0.000000	0.471084	0.000000
19	tsk_19	(x)	1	:	0.037586	0.401449	0.000000	0.560966	0.000000
20	tsk_20	(x)	1	:	0.271527	0.000000	0.000000	0.728473	0.000000
21	tsk_21	(x)	1	:	0.251280	0.000000	0.000018	0.248679	0.500022
22	tsk_22	(x)	1	:	0.499979	0.000000	0.000005	0.000000	0.500015
23	tsk_23	(x)	1	:	0.361366	0.000000	0.000048	0.138547	0.500038
24	tsk_24	(x)	1	:	0.443961	0.000000	0.000000	0.556039	0.000000
25	tsk_25	(x)	1	:	0.466062	0.000001	0.000000	0.033925	0.500012
26	tsk_26	(x)	1	:	0.303314	0.000000	0.000041	0.196610	0.500035
27	tsk_27	(x)	1	:	0.375874	0.000000	0.000008	0.124102	0.500017
28	tsk_28	(x)	1	:	0.000000	0.000000	0.000000	0.000000	1.000000
29	tsk_29	(x)	1	:	0.369839	0.000000	0.000000	0.130148	0.500013
