0	tsk_0	(x)	1	:	0.000000	0.000000	0.500000	0.240697	0.259303
1	tsk_1	(x)	1	:	0.000000	0.000000	0.500001	0.122471	0.377528
2	tsk_2	(x)	1	:	0.000000	0.000000	1.000000	0.000000	0.000000
3	tsk_3	(x)	1	:	0.000000	0.000000	0.500000	0.116057	0.383943
4	tsk_4	(x)	1	:	0.000000	0.000000	0.500004	0.499996	0.000000
5	tsk_5	(x)	1	:	0.000000	0.001862	0.998138	0.000000	0.000000
6	tsk_6	(x)	1	:	0.000000	0.000818	0.499075	0.194178	0.305929
7	tsk_7	(x)	1	:	0.000000	0.001851	0.998149	0.000000	0.000000
8	tsk_8	(x)	1	:	0.000000	0.000000	0.500001	0.058873	0.441126
9	tsk_9	(x)	1	:	0.000000	0.001194	0.998806	0.000000	0.000000
10	tsk_10	(x)	1	:	0.000000	0.000000	0.000000	0.000000	1.000000
11	tsk_11	(x)	1	:	0.000000	0.000000	0.500001	0.192420	0.307580
12	tsk_12	(x)	1	:	0.489362	0.439711	0.000051	0.044303	0.026573
13	tsk_13	(x)	1	:	0.000000	1.000000	0.000000	0.000000	0.000000
14	tsk_14	(x)	1	:	0.000000	0.000000	0.500000	0.025005	0.474994
15	tsk_15	(x)	1	:	0.000000	0.000336	0.499620	0.132202	0.367842
16	tsk_16	(x)	1	:	0.000000	0.443613	0.000000	0.306201	0.250186
17	tsk_17	(x)	1	:	0.000000	0.000000	0.000000	0.500864	0.499136
18	tsk_18	(x)	1	:	0.000000	0.000000	0.000000	0.217671	0.782329
19	tsk_19	(x)	1	:	0.000000	0.000000	0.500000	0.032655	0.467345
20	tsk_20	(x)	1	:	1.000000	0.000000	0.000000	0.000000	0.000000
21	tsk_21	(x)	1	:	1.000000	0.000000	0.000000	0.000000	0.000000
22	tsk_22	(x)	1	:	1.000000	0.000000	0.000000	0.000000	0.000000
23	tsk_23	(x)	1	:	1.000000	0.000000	0.000000	0.000000	0.000000
24	tsk_24	(x)	1	:	1.000000	0.000000	0.000000	0.000000	0.000000
25	tsk_25	(x)	1	:	1.000000	0.000000	0.000000	0.000000	0.000000
26	tsk_26	(x)	1	:	1.000000	0.000000	0.000000	0.000000	0.000000
27	tsk_27	(x)	1	:	0.490604	0.317287	0.000000	0.033876	0.158233
28	tsk_28	(x)	1	:	0.490622	0.000000	0.000000	0.089022	0.420356
29	tsk_29	(x)	1	:	1.000000	0.000000	0.000000	0.000000	0.000000
