logL = -83.179959 (converged)
AIC = 242.359919
BIC = 295.605419

count.K
9 21 

