logL = -75.780511 (converged)
AIC = 231.561022
BIC = 287.608917

count.K
10 20 

