logL = -71.916994 (converged)
AIC = 427.833988
BIC = 626.804017

count.K
16 7 4 3 

