logL = -36.093115 (converged)
AIC = 222.186230
BIC = 327.276034

count.K
2 15 13 

