logL = -32.434460 (converged)
AIC = 374.868920
BIC = 592.054514

count.K
4 1 8 5 12 

