logL = -74.457173 (converged)
AIC = 408.914345
BIC = 591.070005

count.K
4 9 8 9 

