logL = -89.789804 (converged)
AIC = 259.579608
BIC = 315.627504

count.K
15 15 

