logL = -48.520312 (converged)
AIC = 481.040625
BIC = 750.070522

count.K
10 3 5 10 0 2 

