logL = -86.662458 (converged)
AIC = 433.324916
BIC = 615.480575

count.K
3 8 9 10 

