logL = -129.483177 (converged)
AIC = 574.966354
BIC = 796.355541

count.K
6 8 4 12 

