logL = -26.340421 (converged)
AIC = 412.680843
BIC = 664.896371

count.K
2 4 4 7 12 1 

