logL = -60.601146 (converged)
AIC = 289.202293
BIC = 406.902873

count.K
9 20 1 

