logL = -68.989081 (converged)
AIC = 557.978162
BIC = 852.229612

count.K
10 7 6 0 4 3 

