0	tsk_0	(x)	1	:	0.000000	0.000000	0.000000	1.000000	0.000000	0.000000
1	tsk_1	(x)	1	:	0.000000	0.000000	0.000000	1.000000	0.000000	0.000000
2	tsk_2	(x)	1	:	0.000000	0.000000	0.000000	1.000000	0.000000	0.000000
3	tsk_3	(x)	1	:	0.000000	0.000000	0.000000	0.500000	0.067375	0.432625
4	tsk_4	(x)	1	:	0.000000	0.000000	0.000000	1.000000	0.000000	0.000000
5	tsk_5	(x)	1	:	0.000000	0.000000	0.000000	1.000000	0.000000	0.000000
6	tsk_6	(x)	1	:	0.000000	0.000000	0.000000	0.500000	0.282597	0.217403
7	tsk_7	(x)	1	:	0.000000	0.000000	0.000000	1.000000	0.000000	0.000000
8	tsk_8	(x)	1	:	0.000000	0.000000	0.000000	1.000000	0.000000	0.000000
9	tsk_9	(x)	1	:	0.000000	0.000000	0.000000	1.000000	0.000000	0.000000
10	tsk_10	(x)	1	:	0.473077	0.000000	0.000000	0.000000	0.011151	0.515773
11	tsk_11	(x)	1	:	0.000000	0.000000	0.500000	0.000000	0.328930	0.171070
12	tsk_12	(x)	1	:	0.473076	0.000000	0.000000	0.000000	0.085266	0.441658
13	tsk_13	(x)	1	:	0.000000	0.000000	0.500000	0.000000	0.235386	0.264614
14	tsk_14	(x)	1	:	0.483464	0.000002	0.501823	0.000000	0.013115	0.001596
15	tsk_15	(x)	1	:	0.706811	0.000000	0.000000	0.000000	0.008999	0.284190
16	tsk_16	(x)	1	:	0.000000	0.000000	1.000000	0.000000	0.000000	0.000000
17	tsk_17	(x)	1	:	0.000000	0.000000	0.000000	0.000000	0.348608	0.651392
18	tsk_18	(x)	1	:	0.000000	0.000000	1.000000	0.000000	0.000000	0.000000
19	tsk_19	(x)	1	:	0.488602	0.000000	0.503087	0.000000	0.004570	0.003741
20	tsk_20	(x)	1	:	0.000000	0.000000	0.000000	0.000000	0.447714	0.552286
21	tsk_21	(x)	1	:	0.000000	0.000000	0.000000	0.000000	1.000000	0.000000
22	tsk_22	(x)	1	:	0.000000	0.000000	0.000000	0.000000	0.207921	0.792079
23	tsk_23	(x)	1	:	0.000000	0.000000	0.000000	0.000000	0.000000	1.000000
24	tsk_24	(x)	1	:	0.000000	0.000000	0.000000	0.000000	0.510740	0.489260
25	tsk_25	(x)	1	:	0.000000	0.000000	0.000000	0.000000	0.334985	0.665015
26	tsk_26	(x)	1	:	0.000000	0.999986	0.000000	0.000000	0.000004	0.000010
27	tsk_27	(x)	1	:	0.000000	0.000000	0.000000	0.000000	0.335146	0.664854
28	tsk_28	(x)	1	:	0.000000	0.000000	0.000000	0.000000	1.000000	0.000000
29	tsk_29	(x)	1	:	0.000000	1.000000	0.000000	0.000000	0.000000	0.000000
