0	tsk_0	(x)	1	:	0.000000	0.669296	0.206318	0.124386	0.000000
1	tsk_1	(x)	1	:	0.000000	0.000000	0.478933	0.521067	0.000000
2	tsk_2	(x)	1	:	0.000000	0.000000	0.646323	0.353677	0.000000
3	tsk_3	(x)	1	:	0.000000	0.000000	0.785331	0.214669	0.000000
4	tsk_4	(x)	1	:	0.000000	0.000000	0.577628	0.422372	0.000000
5	tsk_5	(x)	1	:	0.000000	0.000000	0.316226	0.683774	0.000000
6	tsk_6	(x)	1	:	0.000000	0.669296	0.000000	0.330704	0.000000
7	tsk_7	(x)	1	:	0.000000	0.000000	1.000000	0.000000	0.000000
8	tsk_8	(x)	1	:	0.000000	0.000000	0.328780	0.353044	0.318175
9	tsk_9	(x)	1	:	0.000000	0.000000	0.446096	0.235729	0.318175
10	tsk_10	(x)	1	:	0.999581	0.000000	0.000000	0.000000	0.000419
11	tsk_11	(x)	1	:	1.000000	0.000000	0.000000	0.000000	0.000000
12	tsk_12	(x)	1	:	0.990055	0.000000	0.000000	0.009945	0.000000
13	tsk_13	(x)	1	:	1.000000	0.000000	0.000000	0.000000	0.000000
14	tsk_14	(x)	1	:	1.000000	0.000000	0.000000	0.000000	0.000000
15	tsk_15	(x)	1	:	1.000000	0.000000	0.000000	0.000000	0.000000
16	tsk_16	(x)	1	:	1.000000	0.000000	0.000000	0.000000	0.000000
17	tsk_17	(x)	1	:	0.996518	0.000000	0.000000	0.002984	0.000498
18	tsk_18	(x)	1	:	0.987329	0.000000	0.000000	0.012671	0.000000
19	tsk_19	(x)	1	:	0.991790	0.000000	0.000000	0.008210	0.000000
20	tsk_20	(x)	1	:	0.000000	0.000000	0.000000	1.000000	0.000000
21	tsk_21	(x)	1	:	0.000000	0.000000	0.479248	0.520752	0.000000
22	tsk_22	(x)	1	:	0.000000	0.000000	0.386829	0.164561	0.448610
23	tsk_23	(x)	1	:	0.000000	0.000000	0.000000	0.000000	1.000000
24	tsk_24	(x)	1	:	0.000000	0.000000	0.000000	0.551390	0.448610
25	tsk_25	(x)	1	:	0.000000	0.000000	0.000000	1.000000	0.000000
26	tsk_26	(x)	1	:	0.000000	0.000000	0.000000	0.000000	1.000000
27	tsk_27	(x)	1	:	0.000000	0.000000	0.153467	0.397923	0.448610
28	tsk_28	(x)	1	:	0.000000	0.000000	0.551390	0.000000	0.448610
29	tsk_29	(x)	1	:	0.000000	0.000000	0.337494	0.213895	0.448610
