logL = -135.111362 (converged)
AIC = 480.222725
BIC = 627.348450

count.K
12 11 7 

