logL = -40.202547 (converged)
AIC = 324.405094
BIC = 495.351175

count.K
10 9 8 3 

