logL = -23.257558 (converged)
AIC = 258.515116
BIC = 407.042039

count.K
2 11 15 2 

