logL = -44.743315 (converged)
AIC = 409.486629
BIC = 633.678210

count.K
13 1 3 7 6 

