logL = -29.621772 (converged)
AIC = 349.243544
BIC = 552.417164

count.K
1 0 10 13 6 

