logL = -89.896740 (converged)
AIC = 569.793481
BIC = 843.026970

count.K
8 11 2 6 3 

