logL = -80.100736 (converged)
AIC = 510.201472
BIC = 755.411013

count.K
5 3 7 13 2 

