logL = -134.472467 (converged)
AIC = 552.944934
BIC = 751.914962

count.K
0 2 12 16 

