logL = -65.380558 (converged)
AIC = 526.761115
BIC = 804.198197

count.K
12 3 5 2 7 1 

