logL = -74.553440 (converged)
AIC = 469.106881
BIC = 693.298462

count.K
10 6 8 3 3 

