logL = -81.049892 (converged)
AIC = 422.099784
BIC = 604.255444

count.K
9 8 2 11 

