logL = -151.121518 (converged)
AIC = 566.243036
BIC = 751.201091

count.K
9 5 16 

