logL = -27.970293 (converged)
AIC = 127.940586
BIC = 178.383692

count.K
17 13 

