logL = -11.090356 (converged)
AIC = 86.180712
BIC = 131.019028

count.K
10 20 

