logL = -42.326134 (converged)
AIC = 234.652269
BIC = 339.742072

count.K
8 6 16 

