logL = -43.838206 (converged)
AIC = 579.676412
BIC = 924.370968

count.K
16 3 6 1 3 1 

