0	tsk_0	(x)	1	:	0.016629	0.430061	0.125722	0.332471	0.047541	0.047576
1	tsk_1	(x)	1	:	0.066100	0.056060	0.089623	0.716994	0.063064	0.008160
2	tsk_2	(x)	1	:	0.033600	0.055946	0.091136	0.716860	0.055309	0.047149
3	tsk_3	(x)	1	:	0.000001	0.000002	0.000000	0.999998	0.000000	0.000000
4	tsk_4	(x)	1	:	0.035404	0.019162	0.148319	0.716842	0.028565	0.051708
5	tsk_5	(x)	1	:	0.021396	0.282347	0.093071	0.545691	0.007075	0.050421
6	tsk_6	(x)	1	:	0.102223	0.000000	0.319727	0.332227	0.123453	0.122371
7	tsk_7	(x)	1	:	0.000000	0.000035	0.000002	0.999946	0.000017	0.000000
8	tsk_8	(x)	1	:	0.000000	0.000000	0.000000	1.000000	0.000000	0.000000
9	tsk_9	(x)	1	:	0.063685	0.213594	0.191399	0.332299	0.056995	0.142030
10	tsk_10	(x)	1	:	0.108118	0.126877	0.271099	0.000000	0.372992	0.120915
11	tsk_11	(x)	1	:	0.107151	0.253305	0.064121	0.000000	0.275916	0.299506
12	tsk_12	(x)	1	:	0.141014	0.170179	0.370679	0.000000	0.248003	0.070126
13	tsk_13	(x)	1	:	0.376061	0.000000	0.146747	0.000000	0.204979	0.272212
14	tsk_14	(x)	1	:	0.232974	0.059501	0.288597	0.000000	0.296039	0.122890
15	tsk_15	(x)	1	:	0.212845	0.121596	0.127791	0.000000	0.362279	0.175489
16	tsk_16	(x)	1	:	0.531880	0.000000	0.273250	0.000000	0.147741	0.047128
17	tsk_17	(x)	1	:	0.000000	0.143708	0.236657	0.000000	0.332477	0.287158
18	tsk_18	(x)	1	:	0.340383	0.130610	0.278573	0.000000	0.189776	0.060659
19	tsk_19	(x)	1	:	0.490058	0.138249	0.145022	0.000000	0.096134	0.130537
20	tsk_20	(x)	1	:	0.370473	0.285511	0.144664	0.000000	0.000000	0.199353
21	tsk_21	(x)	1	:	0.345058	0.050665	0.214165	0.000000	0.292142	0.097969
22	tsk_22	(x)	1	:	0.119014	0.143361	0.394573	0.000000	0.209765	0.133286
23	tsk_23	(x)	1	:	0.232685	0.202924	0.141781	0.000000	0.294562	0.128048
24	tsk_24	(x)	1	:	0.222130	0.258783	0.273209	0.000000	0.186474	0.059403
25	tsk_25	(x)	1	:	0.534330	0.248861	0.129761	0.000000	0.087048	0.000000
26	tsk_26	(x)	1	:	0.328180	0.123365	0.129520	0.000000	0.180051	0.238883
27	tsk_27	(x)	1	:	0.341681	0.125190	0.349148	0.000000	0.183981	0.000000
28	tsk_28	(x)	1	:	0.248328	0.066318	0.383347	0.000000	0.098545	0.203462
29	tsk_29	(x)	1	:	0.226003	0.328190	0.136091	0.000000	0.000000	0.309715
