logL = -106.837490 (converged)
AIC = 497.674980
BIC = 696.645008

count.K
7 1 9 13 

