logL = -37.071009 (converged)
AIC = 404.142017
BIC = 635.339585

count.K
13 1 9 7 0 

