logL = -56.348353 (converged)
AIC = 412.696706
BIC = 622.876313

count.K
8 7 2 7 6 

