logL = -102.217441 (converged)
AIC = 396.434881
BIC = 530.949830

count.K
9 11 10 

