logL = -49.702961 (converged)
AIC = 499.405922
BIC = 779.645398

count.K
13 10 6 0 1 

