logL = -59.471835 (converged)
AIC = 362.943671
BIC = 533.889751

count.K
14 1 4 11 

