logL = -204.918117 (converged)
AIC = 529.836234
BIC = 613.908077

count.K
13 17 

