0	tsk_0	(x)	1	:	0.000000	1.000000	0.000000	0.000000	0.000000	0.000000
1	tsk_1	(x)	1	:	0.000000	0.189708	0.000000	0.307601	0.008103	0.494588
2	tsk_2	(x)	1	:	0.000000	0.000000	0.000000	1.000000	0.000000	0.000000
3	tsk_3	(x)	1	:	0.000000	1.000000	0.000000	0.000000	0.000000	0.000000
4	tsk_4	(x)	1	:	0.000000	1.000000	0.000000	0.000000	0.000000	0.000000
5	tsk_5	(x)	1	:	0.000000	1.000000	0.000000	0.000000	0.000000	0.000000
6	tsk_6	(x)	1	:	0.000000	1.000000	0.000000	0.000000	0.000000	0.000000
7	tsk_7	(x)	1	:	0.246342	0.013985	0.000000	0.482428	0.010790	0.246454
8	tsk_8	(x)	1	:	0.000000	1.000000	0.000000	0.000000	0.000000	0.000000
9	tsk_9	(x)	1	:	0.000000	0.000000	0.000000	1.000000	0.000000	0.000000
10	tsk_10	(x)	1	:	0.431414	0.000000	0.508123	0.000000	0.000000	0.060463
11	tsk_11	(x)	1	:	0.500000	0.000000	0.000000	0.000000	0.500000	0.000000
12	tsk_12	(x)	1	:	0.766717	0.000000	0.000000	0.000000	0.000000	0.233283
13	tsk_13	(x)	1	:	0.432983	0.000000	0.000000	0.000000	0.000000	0.567017
14	tsk_14	(x)	1	:	0.000000	0.000000	0.508123	0.000000	0.000000	0.491877
15	tsk_15	(x)	1	:	0.000000	0.000000	0.000000	0.000000	0.000000	1.000000
16	tsk_16	(x)	1	:	0.115828	0.000000	0.000000	0.000000	0.500000	0.384172
17	tsk_17	(x)	1	:	0.000000	0.000000	0.000000	0.000000	0.000000	1.000000
18	tsk_18	(x)	1	:	0.444265	0.000000	0.000000	0.000000	0.000000	0.555735
19	tsk_19	(x)	1	:	0.455672	0.000000	0.000000	0.000000	0.000000	0.544328
20	tsk_20	(x)	1	:	0.000000	0.000000	0.000000	0.000000	1.000000	0.000000
21	tsk_21	(x)	1	:	0.196356	0.000000	0.000000	0.000000	0.500000	0.303644
22	tsk_22	(x)	1	:	0.000000	0.000000	0.000000	0.000000	1.000000	0.000000
23	tsk_23	(x)	1	:	0.127022	0.000000	0.000000	0.000000	0.500015	0.372963
24	tsk_24	(x)	1	:	0.500009	0.000000	0.000000	0.000000	0.499991	0.000000
25	tsk_25	(x)	1	:	0.000000	0.000000	0.000000	0.000000	0.500000	0.500000
26	tsk_26	(x)	1	:	0.755790	0.000000	0.000000	0.000000	0.000000	0.244210
27	tsk_27	(x)	1	:	0.350216	0.000000	0.000000	0.000000	0.000000	0.649784
28	tsk_28	(x)	1	:	0.196356	0.000000	0.000000	0.000000	0.500000	0.303644
29	tsk_29	(x)	1	:	0.605979	0.000000	0.000000	0.000000	0.000000	0.394020
