logL = -31.177410 (converged)
AIC = 230.354820
BIC = 348.055400

count.K
5 1 24 

