logL = -64.798084 (converged)
AIC = 549.596168
BIC = 843.847618

count.K
8 1 4 1 8 8 

