logL = -119.517833 (converged)
AIC = 339.035667
BIC = 409.095536

count.K
21 9 

