logL = -56.004086 (converged)
AIC = 372.008172
BIC = 554.163832

count.K
2 9 13 6 

