logL = -65.078718 (converged)
AIC = 460.157436
BIC = 691.355004

count.K
1 11 9 6 3 

