logL = -23.746336 (converged)
AIC = 123.492673
BIC = 176.738173

count.K
10 20 

