logL = -78.354501 (converged)
AIC = 456.709003
BIC = 666.888610

count.K
6 6 8 10 

