logL = -21.749283 (converged)
AIC = 187.498565
BIC = 288.384777

count.K
10 7 13 

