logL = -142.618465 (converged)
AIC = 801.236929
BIC = 1162.745853

count.K
10 14 1 2 1 2 

