logL = -63.730925 (converged)
AIC = 211.461851
BIC = 270.312141

count.K
19 11 

