0	tsk_0	(x)	1	:	0.000000	0.461580	0.000000	0.538419	0.000000	0.000000
1	tsk_1	(x)	1	:	0.000000	0.416987	0.583013	0.000000	0.000000	0.000000
2	tsk_2	(x)	1	:	0.000000	0.000000	1.000000	0.000000	0.000000	0.000000
3	tsk_3	(x)	1	:	0.000000	0.493848	0.000000	0.506152	0.000000	0.000000
4	tsk_4	(x)	1	:	0.000000	0.187878	0.000000	0.812122	0.000000	0.000000
5	tsk_5	(x)	1	:	0.000000	0.246534	0.000012	0.253461	0.000000	0.499993
6	tsk_6	(x)	1	:	0.000000	0.128774	0.000000	0.871226	0.000000	0.000000
7	tsk_7	(x)	1	:	0.000000	0.000000	0.458435	0.541565	0.000000	0.000000
8	tsk_8	(x)	1	:	0.000000	0.000000	1.000000	0.000000	0.000000	0.000000
9	tsk_9	(x)	1	:	0.000000	0.416986	0.583014	0.000000	0.000000	0.000000
10	tsk_10	(x)	1	:	0.244429	0.000000	0.000005	0.000000	0.502835	0.252731
11	tsk_11	(x)	1	:	0.000000	0.000000	0.000008	0.000000	0.502834	0.497158
12	tsk_12	(x)	1	:	0.000000	0.068501	0.000000	0.429531	0.501968	0.000000
13	tsk_13	(x)	1	:	0.078117	0.000000	0.000002	0.500000	0.000000	0.421881
14	tsk_14	(x)	1	:	0.507422	0.000000	0.000000	0.000000	0.000000	0.492578
15	tsk_15	(x)	1	:	0.000000	0.153979	0.000000	0.344053	0.501967	0.000000
16	tsk_16	(x)	1	:	0.000000	1.000000	0.000000	0.000000	0.000000	0.000000
17	tsk_17	(x)	1	:	0.167658	0.107249	0.000004	0.392750	0.000000	0.332340
18	tsk_18	(x)	1	:	0.506442	0.000000	0.000000	0.000000	0.000000	0.493558
19	tsk_19	(x)	1	:	0.284224	0.072923	0.000008	0.427073	0.000000	0.215772
20	tsk_20	(x)	1	:	0.000000	0.000000	0.419479	0.000000	0.000013	0.580508
21	tsk_21	(x)	1	:	0.000005	0.000000	0.999992	0.000000	0.000000	0.000004
22	tsk_22	(x)	1	:	0.501572	0.000000	0.000000	0.000000	0.000000	0.498428
23	tsk_23	(x)	1	:	0.387109	0.000000	0.419479	0.000000	0.000013	0.193399
24	tsk_24	(x)	1	:	0.000001	0.000000	0.999976	0.000000	0.000021	0.000002
25	tsk_25	(x)	1	:	0.908577	0.000000	0.000000	0.000000	0.000000	0.091423
26	tsk_26	(x)	1	:	0.903956	0.000000	0.000000	0.000000	0.000000	0.096044
27	tsk_27	(x)	1	:	0.508922	0.000000	0.000000	0.000000	0.000000	0.491078
28	tsk_28	(x)	1	:	0.000000	0.000000	0.419408	0.000000	0.000048	0.580544
29	tsk_29	(x)	1	:	1.000000	0.000000	0.000000	0.000000	0.000000	0.000000
