logL = -53.042455 (converged)
AIC = 230.084909
BIC = 316.959147

count.K
8 22 

