logL = -59.617663 (converged)
AIC = 305.235327
BIC = 435.546683

count.K
6 13 11 

