logL = -68.836721 (converged)
AIC = 229.673442
BIC = 294.128522

count.K
21 9 

