logL = -29.056244 (converged)
AIC = 348.112488
BIC = 551.286108

count.K
1 19 7 3 0 

