logL = -73.872191 (converged)
AIC = 315.744382
BIC = 433.444962

count.K
10 5 15 

