logL = -61.741796 (converged)
AIC = 519.483593
BIC = 796.920674

count.K
4 4 0 4 8 10 

