logL = -62.531873 (converged)
AIC = 281.063746
BIC = 390.357142

count.K
13 8 9 

