logL = -142.726217 (converged)
AIC = 483.452434
BIC = 622.170975

count.K
9 13 8 

