0	tsk_0	(x)	1	:	0.000000	0.000000	0.000000	0.420798	0.579202	0.000000
1	tsk_1	(x)	1	:	0.000000	0.000000	0.000000	1.000000	0.000000	0.000000
2	tsk_2	(x)	1	:	0.000000	0.980118	0.000000	0.010887	0.008994	0.000000
3	tsk_3	(x)	1	:	0.000000	0.000000	0.000000	0.925244	0.074756	0.000000
4	tsk_4	(x)	1	:	0.000000	0.000000	0.000000	1.000000	0.000000	0.000000
5	tsk_5	(x)	1	:	0.000000	0.000000	0.000000	0.350830	0.649170	0.000000
6	tsk_6	(x)	1	:	0.000000	0.000000	0.000000	0.822792	0.177208	0.000000
7	tsk_7	(x)	1	:	0.000000	0.000000	0.000000	0.667183	0.298370	0.034447
8	tsk_8	(x)	1	:	0.000000	0.000000	0.000000	0.589596	0.410404	0.000000
9	tsk_9	(x)	1	:	0.000000	0.000000	0.000000	0.249177	0.750823	0.000000
10	tsk_10	(x)	1	:	0.000000	0.000000	0.000000	0.657112	0.342888	0.000000
11	tsk_11	(x)	1	:	0.500246	0.000000	0.000000	0.159971	0.191299	0.148484
12	tsk_12	(x)	1	:	0.500191	0.000000	0.000000	0.093245	0.161315	0.245249
13	tsk_13	(x)	1	:	0.500186	0.000000	0.000000	0.102529	0.180913	0.216373
14	tsk_14	(x)	1	:	0.500212	0.000000	0.000000	0.073908	0.258791	0.167090
15	tsk_15	(x)	1	:	0.000004	0.000000	0.557796	0.335302	0.042430	0.064468
16	tsk_16	(x)	1	:	0.500125	0.000000	0.000000	0.180287	0.220447	0.099142
17	tsk_17	(x)	1	:	0.500254	0.000000	0.000000	0.192152	0.150616	0.156978
18	tsk_18	(x)	1	:	0.000000	0.920147	0.000000	0.028142	0.051712	0.000000
19	tsk_19	(x)	1	:	0.000000	0.000000	0.557750	0.229540	0.152161	0.060549
20	tsk_20	(x)	1	:	1.000000	0.000000	0.000000	0.000000	0.000000	0.000000
21	tsk_21	(x)	1	:	0.500216	0.000000	0.000000	0.033251	0.265664	0.200870
22	tsk_22	(x)	1	:	1.000000	0.000000	0.000000	0.000000	0.000000	0.000000
23	tsk_23	(x)	1	:	1.000000	0.000000	0.000000	0.000000	0.000000	0.000000
24	tsk_24	(x)	1	:	1.000000	0.000000	0.000000	0.000000	0.000000	0.000000
25	tsk_25	(x)	1	:	1.000000	0.000000	0.000000	0.000000	0.000000	0.000000
26	tsk_26	(x)	1	:	1.000000	0.000000	0.000000	0.000000	0.000000	0.000000
27	tsk_27	(x)	1	:	1.000000	0.000000	0.000000	0.000000	0.000000	0.000000
28	tsk_28	(x)	1	:	1.000000	0.000000	0.000000	0.000000	0.000000	0.000000
29	tsk_29	(x)	1	:	1.000000	0.000000	0.000000	0.000000	0.000000	0.000000
