logL = -28.469462 (converged)
AIC = 260.938924
BIC = 403.861057

count.K
9 8 10 3 

