logL = -75.168831 (converged)
AIC = 410.337662
BIC = 592.493321

count.K
2 9 7 12 

