logL = -34.386307 (converged)
AIC = 288.772613
BIC = 442.904325

count.K
8 2 16 4 

