0	tsk_0	(x)	1	:	0.000000	0.000000	1.000000	0.000000	0.000000	0.000000
1	tsk_1	(x)	1	:	0.000000	0.000000	1.000000	0.000000	0.000000	0.000000
2	tsk_2	(x)	1	:	0.000000	0.499976	0.000000	0.000000	0.500024	0.000000
3	tsk_3	(x)	1	:	0.000000	0.000000	0.499971	0.000000	0.500029	0.000000
4	tsk_4	(x)	1	:	0.000000	0.000000	1.000000	0.000000	0.000000	0.000000
5	tsk_5	(x)	1	:	0.000000	0.000000	1.000000	0.000000	0.000000	0.000000
6	tsk_6	(x)	1	:	0.000000	0.497565	0.502435	0.000000	0.000000	0.000000
7	tsk_7	(x)	1	:	0.163245	0.000000	0.003007	0.336005	0.000000	0.497743
8	tsk_8	(x)	1	:	0.113937	0.000000	0.000000	0.386045	0.500018	0.000000
9	tsk_9	(x)	1	:	0.000000	0.497575	0.502425	0.000000	0.000000	0.000000
10	tsk_10	(x)	1	:	0.530046	0.000000	0.000000	0.469954	0.000000	0.000000
11	tsk_11	(x)	1	:	0.154613	0.000000	0.001397	0.344572	0.499419	0.000000
12	tsk_12	(x)	1	:	0.000000	0.000000	0.000000	0.000000	0.000000	1.000000
13	tsk_13	(x)	1	:	0.052265	0.000000	0.001829	0.446672	0.499234	0.000000
14	tsk_14	(x)	1	:	0.000000	0.000000	0.004483	0.000000	0.499130	0.496387
15	tsk_15	(x)	1	:	0.385447	0.000000	0.000000	0.614553	0.000000	0.000000
16	tsk_16	(x)	1	:	0.432575	0.000000	0.500000	0.067425	0.000000	0.000000
17	tsk_17	(x)	1	:	0.140716	0.000000	0.000000	0.359266	0.500018	0.000000
18	tsk_18	(x)	1	:	0.846165	0.000000	0.000000	0.153835	0.000000	0.000000
19	tsk_19	(x)	1	:	0.778194	0.000000	0.000000	0.221806	0.000000	0.000000
20	tsk_20	(x)	1	:	0.000000	0.000000	1.000000	0.000000	0.000000	0.000000
21	tsk_21	(x)	1	:	0.000000	0.000000	1.000000	0.000000	0.000000	0.000000
22	tsk_22	(x)	1	:	0.000000	0.000000	1.000000	0.000000	0.000000	0.000000
23	tsk_23	(x)	1	:	0.000000	0.000000	1.000000	0.000000	0.000000	0.000000
24	tsk_24	(x)	1	:	0.296098	0.000000	0.500000	0.203902	0.000000	0.000000
25	tsk_25	(x)	1	:	0.000000	0.000000	1.000000	0.000000	0.000000	0.000000
26	tsk_26	(x)	1	:	0.000000	0.000000	1.000000	0.000000	0.000000	0.000000
27	tsk_27	(x)	1	:	0.325542	0.000000	0.500000	0.174458	0.000000	0.000000
28	tsk_28	(x)	1	:	0.250153	0.000000	0.500000	0.249847	0.000000	0.000000
29	tsk_29	(x)	1	:	0.439596	0.000000	0.500000	0.060404	0.000000	0.000000
