logL = -29.621785 (converged)
AIC = 209.243570
BIC = 314.333374

count.K
18 10 2 

