logL = -27.042138 (converged)
AIC = 364.084277
BIC = 581.269871

count.K
2 3 8 3 14 

