logL = -34.518951 (converged)
AIC = 313.037902
BIC = 483.983983

count.K
9 5 8 8 

