0	tsk_0	(x)	1	:	0.000000	0.930040	0.000000	0.000000	0.069960
1	tsk_1	(x)	1	:	0.000000	0.888733	0.000000	0.000000	0.111267
2	tsk_2	(x)	1	:	0.000000	0.817888	0.000000	0.000000	0.182112
3	tsk_3	(x)	1	:	0.000000	0.933199	0.000000	0.000000	0.066801
4	tsk_4	(x)	1	:	0.000000	0.903269	0.000003	0.000000	0.096728
5	tsk_5	(x)	1	:	0.000000	0.848323	0.000000	0.000000	0.151677
6	tsk_6	(x)	1	:	0.000000	0.798310	0.000001	0.000000	0.201689
7	tsk_7	(x)	1	:	0.000000	0.845408	0.000000	0.000000	0.154592
8	tsk_8	(x)	1	:	0.000000	0.886180	0.000002	0.000000	0.113817
9	tsk_9	(x)	1	:	0.000000	0.000643	0.999287	0.000000	0.000070
10	tsk_10	(x)	1	:	0.499983	0.136840	0.000000	0.000000	0.363177
11	tsk_11	(x)	1	:	0.000000	0.711662	0.000000	0.000000	0.288338
12	tsk_12	(x)	1	:	0.000000	0.847219	0.000000	0.000000	0.152781
13	tsk_13	(x)	1	:	0.999982	0.000000	0.000000	0.000018	0.000000
14	tsk_14	(x)	1	:	0.000000	0.663016	0.000000	0.000000	0.336984
15	tsk_15	(x)	1	:	0.000000	0.911725	0.000000	0.000000	0.088275
16	tsk_16	(x)	1	:	0.000000	0.935605	0.000000	0.000000	0.064395
17	tsk_17	(x)	1	:	0.499981	0.116736	0.000000	0.000000	0.383282
18	tsk_18	(x)	1	:	0.000000	0.561515	0.000000	0.000000	0.438485
19	tsk_19	(x)	1	:	0.000000	0.962440	0.000000	0.000000	0.037560
20	tsk_20	(x)	1	:	0.499985	0.135844	0.000000	0.000000	0.364171
21	tsk_21	(x)	1	:	0.000014	0.000000	0.000000	0.999986	0.000000
22	tsk_22	(x)	1	:	0.999987	0.000000	0.000000	0.000013	0.000000
23	tsk_23	(x)	1	:	0.180021	0.221127	0.000000	0.319763	0.279090
24	tsk_24	(x)	1	:	0.547097	0.000000	0.000000	0.452903	0.000000
25	tsk_25	(x)	1	:	0.547098	0.000000	0.000000	0.452902	0.000000
26	tsk_26	(x)	1	:	0.547102	0.000000	0.000000	0.452898	0.000000
27	tsk_27	(x)	1	:	0.499948	0.208663	0.000000	0.000000	0.291389
28	tsk_28	(x)	1	:	0.999993	0.000000	0.000000	0.000007	0.000000
29	tsk_29	(x)	1	:	0.999978	0.000000	0.000000	0.000022	0.000000
