logL = -21.314004 (converged)
AIC = 362.628008
BIC = 586.819590

count.K
14 6 6 1 3 

