logL = -30.500424 (converged)
AIC = 289.000847
BIC = 448.737349

count.K
8 10 4 8 

