logL = -24.955511 (converged)
AIC = 385.911022
BIC = 621.312182

count.K
6 3 10 3 5 3 

