logL = -114.569022 (converged)
AIC = 349.138045
BIC = 433.209888

count.K
7 23 

