logL = -39.505306 (converged)
AIC = 307.010613
BIC = 466.747114

count.K
7 7 10 6 

