logL = -28.260555 (converged)
AIC = 132.521110
BIC = 185.766610

count.K
8 22 

