logL = -122.833773 (converged)
AIC = 545.667545
BIC = 755.847153

count.K
7 13 6 4 

