logL = -49.777958 (converged)
AIC = 327.555915
BIC = 487.292417

count.K
10 5 12 3 

