logL = -62.869317 (converged)
AIC = 475.738634
BIC = 720.948176

count.K
14 2 3 5 6 

