logL = -33.945561 (converged)
AIC = 451.891122
BIC = 720.921019

count.K
11 8 4 3 1 3 

