logL = -87.210883 (converged)
AIC = 342.421766
BIC = 460.122347

count.K
7 18 5 

