logL = -38.169538 (converged)
AIC = 226.339076
BIC = 331.428880

count.K
14 10 6 

