logL = -25.293166 (converged)
AIC = 366.586332
BIC = 587.975518

count.K
4 17 2 7 

