logL = -3.014155 (converged)
AIC = 318.028310
BIC = 536.615102

count.K
2 5 4 7 8 4 

