0	tsk_0	(x)	1	:	0.027786	0.091615	0.110615	0.769984
1	tsk_1	(x)	1	:	0.000000	0.000000	0.000000	1.000000
2	tsk_2	(x)	1	:	0.000000	0.000000	0.000000	1.000000
3	tsk_3	(x)	1	:	0.000000	0.000000	0.000000	1.000000
4	tsk_4	(x)	1	:	0.062633	0.092664	0.074737	0.769967
5	tsk_5	(x)	1	:	0.000000	0.000000	0.000000	1.000000
6	tsk_6	(x)	1	:	0.044210	0.091560	0.094245	0.769985
7	tsk_7	(x)	1	:	0.078113	0.083853	0.022893	0.815141
8	tsk_8	(x)	1	:	0.000000	0.000000	0.000000	1.000000
9	tsk_9	(x)	1	:	0.000000	0.000000	0.000000	1.000000
10	tsk_10	(x)	1	:	0.383918	0.000000	0.241694	0.374388
11	tsk_11	(x)	1	:	0.179460	0.000000	0.185298	0.635242
12	tsk_12	(x)	1	:	0.297195	0.000007	0.255851	0.446947
13	tsk_13	(x)	1	:	0.000108	0.542426	0.000019	0.457447
14	tsk_14	(x)	1	:	0.274189	0.000026	0.351409	0.374376
15	tsk_15	(x)	1	:	0.189343	0.489070	0.321586	0.000000
16	tsk_16	(x)	1	:	0.428895	0.000000	0.571105	0.000000
17	tsk_17	(x)	1	:	0.000000	0.682984	0.000000	0.317016
18	tsk_18	(x)	1	:	0.384246	0.000000	0.615754	0.000000
19	tsk_19	(x)	1	:	0.324657	0.000005	0.228390	0.446948
20	tsk_20	(x)	1	:	0.419004	0.489070	0.091925	0.000000
21	tsk_21	(x)	1	:	0.314983	0.489070	0.195946	0.000000
22	tsk_22	(x)	1	:	0.223876	0.000000	0.776124	0.000000
23	tsk_23	(x)	1	:	0.460071	0.000000	0.539929	0.000000
24	tsk_24	(x)	1	:	0.000000	1.000000	0.000000	0.000000
25	tsk_25	(x)	1	:	0.389301	0.489070	0.121629	0.000000
26	tsk_26	(x)	1	:	0.289336	0.489070	0.221594	0.000000
27	tsk_27	(x)	1	:	0.391228	0.489070	0.119701	0.000000
28	tsk_28	(x)	1	:	0.277737	0.000000	0.722263	0.000000
29	tsk_29	(x)	1	:	0.403648	0.489070	0.107281	0.000000
