logL = -13.770724 (converged)
AIC = 165.541447
BIC = 262.224067

count.K
10 10 10 

