logL = -25.293723 (converged)
AIC = 554.587447
BIC = 907.689187

count.K
17 0 12 1 0 0 

