logL = -68.989389 (converged)
AIC = 477.978779
BIC = 716.182334

count.K
7 4 3 6 10 

