logL = -102.270038 (converged)
AIC = 384.540076
BIC = 510.647841

count.K
6 9 15 

