logL = -73.142164 (converged)
AIC = 476.284328
BIC = 707.481896

count.K
11 3 4 5 7 

