0	tsk_0	(x)	1	:	0.000000	0.000000	0.492995	0.489120	0.001523	0.016362
1	tsk_1	(x)	1	:	0.000000	0.000000	1.000000	0.000000	0.000000	0.000000
2	tsk_2	(x)	1	:	0.000000	0.000000	0.499635	0.000004	0.088189	0.412172
3	tsk_3	(x)	1	:	0.000000	0.000000	0.500000	0.000000	0.031791	0.468209
4	tsk_4	(x)	1	:	0.000000	0.000000	0.000000	0.505277	0.044738	0.449985
5	tsk_5	(x)	1	:	0.000000	0.000000	1.000000	0.000000	0.000000	0.000000
6	tsk_6	(x)	1	:	0.000000	0.000000	1.000000	0.000000	0.000000	0.000000
7	tsk_7	(x)	1	:	0.000000	0.000000	0.500000	0.000000	0.088829	0.411171
8	tsk_8	(x)	1	:	0.000000	0.000000	0.492999	0.489127	0.000658	0.017216
9	tsk_9	(x)	1	:	0.000000	0.000000	0.493020	0.489172	0.000448	0.017360
10	tsk_10	(x)	1	:	0.000000	0.499997	0.000000	0.000000	0.499922	0.000081
11	tsk_11	(x)	1	:	0.000000	0.000000	0.000000	0.000000	0.184320	0.815680
12	tsk_12	(x)	1	:	0.000000	0.000000	0.000000	0.000000	0.229879	0.770121
13	tsk_13	(x)	1	:	0.000000	0.000000	0.000000	0.000000	0.065661	0.934339
14	tsk_14	(x)	1	:	0.000000	0.000000	0.000000	0.000000	0.414604	0.585396
15	tsk_15	(x)	1	:	0.000000	0.000000	0.000000	0.000000	0.052348	0.947652
16	tsk_16	(x)	1	:	0.000000	0.000000	0.000000	0.000000	0.418896	0.581104
17	tsk_17	(x)	1	:	0.000000	0.000000	0.000000	0.000000	0.184127	0.815873
18	tsk_18	(x)	1	:	0.000000	0.000000	0.000000	0.000000	0.252157	0.747843
19	tsk_19	(x)	1	:	0.000000	0.000000	0.000000	0.000000	0.067870	0.932130
20	tsk_20	(x)	1	:	0.500000	0.500000	0.000000	0.000000	0.000000	0.000000
21	tsk_21	(x)	1	:	0.500000	0.500000	0.000000	0.000000	0.000000	0.000000
22	tsk_22	(x)	1	:	0.000000	1.000000	0.000000	0.000000	0.000000	0.000000
23	tsk_23	(x)	1	:	0.500000	0.500000	0.000000	0.000000	0.000000	0.000000
24	tsk_24	(x)	1	:	0.500000	0.500000	0.000000	0.000000	0.000000	0.000000
25	tsk_25	(x)	1	:	0.500000	0.500000	0.000000	0.000000	0.000000	0.000000
26	tsk_26	(x)	1	:	0.000000	1.000000	0.000000	0.000000	0.000000	0.000000
27	tsk_27	(x)	1	:	0.500000	0.500000	0.000000	0.000000	0.000000	0.000000
28	tsk_28	(x)	1	:	0.500000	0.500000	0.000000	0.000000	0.000000	0.000000
29	tsk_29	(x)	1	:	1.000000	0.000000	0.000000	0.000000	0.000000	0.000000
