logL = -89.734964 (converged)
AIC = 271.469928
BIC = 335.925008

count.K
21 9 

