logL = -137.990567 (converged)
AIC = 467.981133
BIC = 602.496082

count.K
15 5 10 

