logL = -36.609968 (converged)
AIC = 157.219936
BIC = 216.070226

count.K
7 23 

