logL = -74.846383 (converged)
AIC = 569.692765
BIC = 863.944215

count.K
1 2 11 10 1 5 

