0	tsk_0	(x)	1	:	0.000000	0.000000	0.764558	0.235442
1	tsk_1	(x)	1	:	0.000000	0.000000	0.767967	0.232033
2	tsk_2	(x)	1	:	0.000000	0.000000	0.858191	0.141809
3	tsk_3	(x)	1	:	0.000000	0.000000	0.834437	0.165563
4	tsk_4	(x)	1	:	0.000000	0.000000	0.896415	0.103585
5	tsk_5	(x)	1	:	0.000000	0.000000	0.649974	0.350026
6	tsk_6	(x)	1	:	0.000000	0.000000	0.883147	0.116853
7	tsk_7	(x)	1	:	0.000000	0.000000	0.606293	0.393707
8	tsk_8	(x)	1	:	0.000000	0.500000	0.235650	0.264350
9	tsk_9	(x)	1	:	0.000000	0.500000	0.224765	0.275235
10	tsk_10	(x)	1	:	0.000000	1.000000	0.000000	0.000000
11	tsk_11	(x)	1	:	0.000000	1.000000	0.000000	0.000000
12	tsk_12	(x)	1	:	0.000024	0.999976	0.000000	0.000000
13	tsk_13	(x)	1	:	0.000000	1.000000	0.000000	0.000000
14	tsk_14	(x)	1	:	0.000088	0.999912	0.000000	0.000000
15	tsk_15	(x)	1	:	0.000000	1.000000	0.000000	0.000000
16	tsk_16	(x)	1	:	0.000009	0.999991	0.000000	0.000000
17	tsk_17	(x)	1	:	0.000010	0.999990	0.000000	0.000000
18	tsk_18	(x)	1	:	0.000007	0.999993	0.000000	0.000000
19	tsk_19	(x)	1	:	0.000011	0.999989	0.000000	0.000000
20	tsk_20	(x)	1	:	1.000000	0.000000	0.000000	0.000000
21	tsk_21	(x)	1	:	0.585464	0.414536	0.000000	0.000000
22	tsk_22	(x)	1	:	0.584897	0.415103	0.000000	0.000000
23	tsk_23	(x)	1	:	0.585476	0.414524	0.000000	0.000000
24	tsk_24	(x)	1	:	1.000000	0.000000	0.000000	0.000000
25	tsk_25	(x)	1	:	0.585230	0.414770	0.000000	0.000000
26	tsk_26	(x)	1	:	0.999998	0.000002	0.000000	0.000000
27	tsk_27	(x)	1	:	0.585472	0.414528	0.000000	0.000000
28	tsk_28	(x)	1	:	0.585422	0.414578	0.000000	0.000000
29	tsk_29	(x)	1	:	0.999999	0.000001	0.000000	0.000000
