logL = -33.254102 (converged)
AIC = 450.508205
BIC = 719.538102

count.K
2 2 6 10 3 7 

