logL = -31.846446 (converged)
AIC = 363.692891
BIC = 573.872499

count.K
3 2 14 5 6 

