logL = -133.188267 (converged)
AIC = 746.376534
BIC = 1082.663905

count.K
6 3 5 15 1 0 

