logL = -37.074421 (converged)
AIC = 154.148843
BIC = 210.196738

count.K
15 15 

