logL = -93.732587 (converged)
AIC = 367.465175
BIC = 493.572939

count.K
8 10 12 

