0	tsk_0	(x)	1	:	0.471614	0.000000	0.000000	0.470332	0.058054
1	tsk_1	(x)	1	:	0.035776	0.000000	0.873018	0.062024	0.029182
2	tsk_2	(x)	1	:	0.122078	0.000000	0.000000	0.739501	0.138421
3	tsk_3	(x)	1	:	0.000000	1.000000	0.000000	0.000000	0.000000
4	tsk_4	(x)	1	:	0.051299	0.000000	0.873993	0.013482	0.061226
5	tsk_5	(x)	1	:	0.000000	0.518973	0.001292	0.126125	0.353610
6	tsk_6	(x)	1	:	0.000000	1.000000	0.000000	0.000000	0.000000
7	tsk_7	(x)	1	:	0.024648	0.000000	0.870830	0.015023	0.089499
8	tsk_8	(x)	1	:	0.000000	1.000000	0.000000	0.000000	0.000000
9	tsk_9	(x)	1	:	0.000000	1.000000	0.000000	0.000000	0.000000
10	tsk_10	(x)	1	:	0.265913	0.000000	0.000000	0.659914	0.074173
11	tsk_11	(x)	1	:	0.391054	0.000000	0.000000	0.569063	0.039883
12	tsk_12	(x)	1	:	0.247982	0.000000	0.000000	0.437002	0.315016
13	tsk_13	(x)	1	:	0.315861	0.000000	0.000000	0.632880	0.051259
14	tsk_14	(x)	1	:	0.090333	0.000000	0.000000	0.820004	0.089663
15	tsk_15	(x)	1	:	0.359182	0.000000	0.000000	0.539598	0.101220
16	tsk_16	(x)	1	:	0.600820	0.000000	0.000000	0.000000	0.399180
17	tsk_17	(x)	1	:	0.318812	0.000000	0.000000	0.681188	0.000000
18	tsk_18	(x)	1	:	0.471689	0.000000	0.000000	0.528311	0.000000
19	tsk_19	(x)	1	:	0.306659	0.000000	0.000000	0.494547	0.198794
20	tsk_20	(x)	1	:	0.209580	0.000000	0.000000	0.665312	0.125108
21	tsk_21	(x)	1	:	0.346877	0.513872	0.001620	0.000000	0.137630
22	tsk_22	(x)	1	:	0.103747	0.512693	0.003765	0.186518	0.193277
23	tsk_23	(x)	1	:	0.168066	0.565021	0.000000	0.085876	0.181037
24	tsk_24	(x)	1	:	0.183230	0.513476	0.002346	0.059515	0.241434
25	tsk_25	(x)	1	:	0.599863	0.000000	0.000000	0.339473	0.060665
26	tsk_26	(x)	1	:	0.425338	0.000000	0.000000	0.301575	0.273087
27	tsk_27	(x)	1	:	0.309582	0.000000	0.000000	0.494819	0.195599
28	tsk_28	(x)	1	:	0.000000	0.000000	0.000000	0.896020	0.103980
29	tsk_29	(x)	1	:	0.097815	0.000000	0.000000	0.843344	0.058840
