logL = -96.333637 (converged)
AIC = 288.667274
BIC = 355.924749

count.K
18 12 

