logL = -141.176541 (converged)
AIC = 462.353082
BIC = 588.460846

count.K
2 15 13 

