logL = -29.116690 (converged)
AIC = 208.233379
BIC = 313.323183

count.K
8 7 15 

