logL = -104.993479 (converged)
AIC = 383.986957
BIC = 505.891129

count.K
2 13 15 

