logL = -90.550526 (converged)
AIC = 265.101053
BIC = 323.951343

count.K
5 25 

