0	tsk_0	(x)	1	:	0.000000	0.000000	0.341551	0.334034	0.000000	0.324415
1	tsk_1	(x)	1	:	0.000000	0.000000	0.509829	0.162556	0.000000	0.327615
2	tsk_2	(x)	1	:	0.123690	0.000000	0.132613	0.189131	0.373774	0.180793
3	tsk_3	(x)	1	:	0.000000	0.000000	0.445527	0.340370	0.000000	0.214103
4	tsk_4	(x)	1	:	0.000000	0.000000	0.362834	0.462471	0.000000	0.174696
5	tsk_5	(x)	1	:	0.000000	0.000000	0.682380	0.160975	0.000000	0.156645
6	tsk_6	(x)	1	:	0.000000	0.000000	0.332300	0.342445	0.000000	0.325255
7	tsk_7	(x)	1	:	0.000000	0.000000	0.176915	0.464344	0.000000	0.358741
8	tsk_8	(x)	1	:	0.000000	0.000000	0.177702	0.373599	0.000000	0.448699
9	tsk_9	(x)	1	:	0.000000	0.000000	0.220693	0.338961	0.000000	0.440346
10	tsk_10	(x)	1	:	0.550607	0.000000	0.000000	0.000000	0.449393	0.000000
11	tsk_11	(x)	1	:	0.026455	0.000000	0.040603	0.044161	0.461270	0.427511
12	tsk_12	(x)	1	:	0.000000	0.000000	0.000000	0.000000	1.000000	0.000000
13	tsk_13	(x)	1	:	0.500000	0.000000	0.105066	0.145939	0.000000	0.248995
14	tsk_14	(x)	1	:	0.000000	0.000000	0.443434	0.341583	0.000000	0.214983
15	tsk_15	(x)	1	:	1.000000	0.000000	0.000000	0.000000	0.000000	0.000000
16	tsk_16	(x)	1	:	0.000000	0.000000	0.713379	0.146490	0.000000	0.140131
17	tsk_17	(x)	1	:	0.000000	0.000000	0.269590	0.373285	0.000000	0.357125
18	tsk_18	(x)	1	:	0.000000	0.000000	0.673242	0.166893	0.000000	0.159864
19	tsk_19	(x)	1	:	0.500000	0.000000	0.146662	0.190282	0.000000	0.163057
20	tsk_20	(x)	1	:	0.000002	0.999998	0.000000	0.000000	0.000000	0.000000
21	tsk_21	(x)	1	:	0.317458	0.000000	0.342161	0.000000	0.182534	0.157847
22	tsk_22	(x)	1	:	0.000000	1.000000	0.000000	0.000000	0.000000	0.000000
23	tsk_23	(x)	1	:	1.000000	0.000000	0.000000	0.000000	0.000000	0.000000
24	tsk_24	(x)	1	:	1.000000	0.000000	0.000000	0.000000	0.000000	0.000000
25	tsk_25	(x)	1	:	0.000004	0.999996	0.000000	0.000000	0.000000	0.000000
26	tsk_26	(x)	1	:	0.000001	0.999999	0.000000	0.000000	0.000000	0.000000
27	tsk_27	(x)	1	:	0.000005	0.999995	0.000000	0.000000	0.000000	0.000000
28	tsk_28	(x)	1	:	0.546225	0.453775	0.000000	0.000000	0.000000	0.000000
29	tsk_29	(x)	1	:	0.546224	0.453776	0.000000	0.000000	0.000000	0.000000
