logL = -43.564538 (converged)
AIC = 231.129075
BIC = 332.015287

count.K
2 18 10 

