logL = -39.510486 (converged)
AIC = 369.020972
BIC = 572.194593

count.K
5 6 9 7 3 

