logL = -82.058454 (converged)
AIC = 332.116907
BIC = 449.817488

count.K
3 7 20 

