logL = -72.439875 (converged)
AIC = 484.879751
BIC = 723.083306

count.K
2 6 6 7 9 

