logL = -53.166763 (converged)
AIC = 436.333527
BIC = 667.531095

count.K
3 5 12 7 3 

