logL = -17.069686 (converged)
AIC = 178.139372
BIC = 279.025584

count.K
4 23 3 

