logL = -42.288399 (converged)
AIC = 320.576798
BIC = 485.918089

count.K
10 3 7 10 

