logL = -322.847667 (converged)
AIC = 781.695334
BIC = 876.976756

count.K
25 5 

