logL = -69.990927 (converged)
AIC = 595.981855
BIC = 915.454858

count.K
11 4 1 0 5 9 

