logL = -51.797203 (converged)
AIC = 259.594405
BIC = 368.887801

count.K
5 4 21 

