logL = -78.548699 (converged)
AIC = 249.097398
BIC = 313.552477

count.K
9 21 

