logL = -34.227341 (converged)
AIC = 358.454681
BIC = 561.628301

count.K
1 2 10 3 14 

