logL = -120.272361 (converged)
AIC = 696.544722
BIC = 1016.017725

count.K
3 15 3 1 0 8 

