0	tsk_0	(x)	1	:	0.591323	0.298236	0.110441	0.000000
1	tsk_1	(x)	1	:	0.000000	0.000000	1.000000	0.000000
2	tsk_2	(x)	1	:	0.000000	0.000000	0.000000	1.000000
3	tsk_3	(x)	1	:	0.000000	0.001859	0.002193	0.995947
4	tsk_4	(x)	1	:	0.472269	0.381242	0.146489	0.000000
5	tsk_5	(x)	1	:	0.000000	0.573692	0.426308	0.000000
6	tsk_6	(x)	1	:	0.000000	0.781729	0.218271	0.000000
7	tsk_7	(x)	1	:	0.000000	0.090320	0.617222	0.292458
8	tsk_8	(x)	1	:	0.404956	0.000000	0.000136	0.594908
9	tsk_9	(x)	1	:	0.000000	0.000000	1.000000	0.000000
10	tsk_10	(x)	1	:	0.999928	0.000057	0.000015	0.000000
11	tsk_11	(x)	1	:	0.000000	0.728680	0.271320	0.000000
12	tsk_12	(x)	1	:	0.395435	0.604565	0.000000	0.000000
13	tsk_13	(x)	1	:	0.395435	0.412768	0.191797	0.000000
14	tsk_14	(x)	1	:	0.999983	0.000012	0.000005	0.000000
15	tsk_15	(x)	1	:	0.999947	0.000045	0.000009	0.000000
16	tsk_16	(x)	1	:	0.999972	0.000020	0.000008	0.000000
17	tsk_17	(x)	1	:	0.999980	0.000015	0.000005	0.000000
18	tsk_18	(x)	1	:	0.395435	0.353133	0.251432	0.000000
19	tsk_19	(x)	1	:	0.000000	0.730680	0.269320	0.000000
20	tsk_20	(x)	1	:	0.000000	0.231216	0.768784	0.000000
21	tsk_21	(x)	1	:	0.000000	0.643921	0.356079	0.000000
22	tsk_22	(x)	1	:	0.000000	0.377338	0.622662	0.000000
23	tsk_23	(x)	1	:	0.000000	0.476591	0.523409	0.000000
24	tsk_24	(x)	1	:	0.000000	0.000000	1.000000	0.000000
25	tsk_25	(x)	1	:	0.000000	0.472067	0.527933	0.000000
26	tsk_26	(x)	1	:	0.000000	0.373413	0.626587	0.000000
27	tsk_27	(x)	1	:	0.000000	0.478865	0.521135	0.000000
28	tsk_28	(x)	1	:	0.000000	0.577371	0.422629	0.000000
29	tsk_29	(x)	1	:	0.000000	0.476009	0.523991	0.000000
