logL = -19.632725 (converged)
AIC = 251.265450
BIC = 399.792373

count.K
2 2 4 22 

