logL = -108.427547 (converged)
AIC = 320.855093
BIC = 393.717357

count.K
14 16 

