logL = -45.811826 (converged)
AIC = 253.623652
BIC = 367.120640

count.K
16 10 4 

