logL = -215.356528 (converged)
AIC = 566.713055
BIC = 661.994477

count.K
23 7 

