0	tsk_0	(x)	1	:	0.000000	0.333445	0.000000	0.499811	0.000000	0.166744
1	tsk_1	(x)	1	:	0.000000	0.248931	0.000000	0.500077	0.000000	0.250992
2	tsk_2	(x)	1	:	0.000000	0.000000	0.000000	1.000000	0.000000	0.000000
3	tsk_3	(x)	1	:	0.000000	0.202539	0.000000	0.499069	0.000000	0.298391
4	tsk_4	(x)	1	:	0.000000	0.000000	0.000000	1.000000	0.000000	0.000000
5	tsk_5	(x)	1	:	0.000000	0.000000	0.000000	1.000000	0.000000	0.000000
6	tsk_6	(x)	1	:	0.000000	0.000000	0.000000	1.000000	0.000000	0.000000
7	tsk_7	(x)	1	:	0.000000	0.000000	0.000000	1.000000	0.000000	0.000000
8	tsk_8	(x)	1	:	0.000000	0.059884	0.000000	0.498892	0.000000	0.441224
9	tsk_9	(x)	1	:	0.000000	0.000000	0.000000	1.000000	0.000000	0.000000
10	tsk_10	(x)	1	:	0.000000	0.413746	0.000000	0.000000	0.000000	0.586254
11	tsk_11	(x)	1	:	0.000000	0.361525	0.000000	0.000000	0.000000	0.638475
12	tsk_12	(x)	1	:	0.000000	0.590298	0.000000	0.000000	0.000000	0.409702
13	tsk_13	(x)	1	:	0.000000	0.000000	0.000000	0.000000	0.000000	1.000000
14	tsk_14	(x)	1	:	0.000000	0.259319	0.000000	0.000000	0.000000	0.740681
15	tsk_15	(x)	1	:	0.000000	0.319215	0.000000	0.000000	0.000000	0.680785
16	tsk_16	(x)	1	:	0.000000	0.000000	0.000000	0.000000	0.000000	1.000000
17	tsk_17	(x)	1	:	0.000000	0.260717	0.000000	0.000000	0.000000	0.739283
18	tsk_18	(x)	1	:	0.000000	0.589693	0.000000	0.000000	0.000000	0.410307
19	tsk_19	(x)	1	:	0.000000	0.418607	0.000000	0.000000	0.000000	0.581393
20	tsk_20	(x)	1	:	0.000000	0.488601	0.000000	0.000000	0.000000	0.511399
21	tsk_21	(x)	1	:	0.510215	0.000000	0.489784	0.000000	0.000000	0.000000
22	tsk_22	(x)	1	:	0.510215	0.000000	0.489784	0.000000	0.000000	0.000000
23	tsk_23	(x)	1	:	0.000000	0.001350	0.000000	0.000000	0.989510	0.009140
24	tsk_24	(x)	1	:	0.000000	0.742590	0.000000	0.000000	0.000000	0.257410
25	tsk_25	(x)	1	:	0.557282	0.000249	0.442435	0.000000	0.000034	0.000000
26	tsk_26	(x)	1	:	0.509181	0.005900	0.484626	0.000000	0.000000	0.000293
27	tsk_27	(x)	1	:	0.000000	0.001410	0.000000	0.000000	0.998590	0.000000
28	tsk_28	(x)	1	:	0.510215	0.000000	0.489784	0.000000	0.000000	0.000000
29	tsk_29	(x)	1	:	0.000000	0.415370	0.000000	0.000000	0.000000	0.584630
