logL = -121.697393 (converged)
AIC = 331.394786
BIC = 393.047471

count.K
11 19 

