logL = -115.350425 (converged)
AIC = 322.700851
BIC = 387.155930

count.K
10 20 

