logL = -27.540098 (converged)
AIC = 199.080197
BIC = 299.966408

count.K
16 10 4 

