logL = -103.411133 (converged)
AIC = 404.822266
BIC = 543.540806

count.K
2 10 18 

