logL = -13.862977 (converged)
AIC = 165.725955
BIC = 262.408574

count.K
3 14 13 

