logL = -55.575259 (converged)
AIC = 267.150518
BIC = 376.443914

count.K
6 12 12 

