logL = -103.221205 (converged)
AIC = 556.442410
BIC = 801.651952

count.K
8 11 5 3 3 

