logL = -72.571699 (converged)
AIC = 319.143398
BIC = 441.047570

count.K
12 6 12 

