logL = -45.975195 (converged)
AIC = 335.950390
BIC = 506.896471

count.K
7 3 9 11 

