logL = -112.365702 (converged)
AIC = 614.731403
BIC = 887.964893

count.K
12 4 8 3 3 

