logL = -53.999548 (converged)
AIC = 343.999097
BIC = 509.340388

count.K
8 10 9 3 

