logL = -35.873870 (converged)
AIC = 467.747741
BIC = 745.184822

count.K
1 1 11 1 5 11 

