logL = -262.975943 (converged)
AIC = 905.951886
BIC = 1172.179389

count.K
3 1 11 15 

