logL = -82.992686 (converged)
AIC = 253.985372
BIC = 315.638057

count.K
19 11 

