logL = -46.878666 (converged)
AIC = 377.757332
BIC = 576.727360

count.K
20 1 9 0 

