logL = -87.210734 (converged)
AIC = 266.421467
BIC = 330.876547

count.K
23 7 

