0	tsk_0	(x)	1	:	0.000000	0.934133	0.000000	0.000000	0.065867
1	tsk_1	(x)	1	:	0.000000	0.922615	0.000000	0.000000	0.077385
2	tsk_2	(x)	1	:	0.000000	0.862961	0.000000	0.000000	0.137039
3	tsk_3	(x)	1	:	0.000000	0.936580	0.000000	0.000000	0.063420
4	tsk_4	(x)	1	:	0.000000	0.901373	0.000000	0.000000	0.098627
5	tsk_5	(x)	1	:	0.000000	0.906569	0.000000	0.000000	0.093431
6	tsk_6	(x)	1	:	0.000000	0.823012	0.000000	0.000000	0.176988
7	tsk_7	(x)	1	:	0.000000	0.923372	0.000000	0.000000	0.076628
8	tsk_8	(x)	1	:	0.000000	0.914826	0.000000	0.000000	0.085174
9	tsk_9	(x)	1	:	0.000258	0.297937	0.482652	0.000011	0.219141
10	tsk_10	(x)	1	:	0.506014	0.000000	0.493986	0.000000	0.000000
11	tsk_11	(x)	1	:	0.000000	0.000000	1.000000	0.000000	0.000000
12	tsk_12	(x)	1	:	0.000000	0.000000	1.000000	0.000000	0.000000
13	tsk_13	(x)	1	:	0.000694	0.000000	0.999306	0.000000	0.000000
14	tsk_14	(x)	1	:	0.000000	0.000000	1.000000	0.000000	0.000000
15	tsk_15	(x)	1	:	0.000000	0.000000	1.000000	0.000000	0.000000
16	tsk_16	(x)	1	:	0.000000	0.000000	1.000000	0.000000	0.000000
17	tsk_17	(x)	1	:	0.555009	0.000000	0.444991	0.000000	0.000000
18	tsk_18	(x)	1	:	0.000000	0.000000	1.000000	0.000000	0.000000
19	tsk_19	(x)	1	:	0.000000	0.000000	1.000000	0.000000	0.000000
20	tsk_20	(x)	1	:	0.555031	0.000000	0.444968	0.000001	0.000000
21	tsk_21	(x)	1	:	1.000000	0.000000	0.000000	0.000000	0.000000
22	tsk_22	(x)	1	:	0.555018	0.000000	0.444982	0.000000	0.000000
23	tsk_23	(x)	1	:	1.000000	0.000000	0.000000	0.000000	0.000000
24	tsk_24	(x)	1	:	0.371678	0.000000	0.628322	0.000000	0.000000
25	tsk_25	(x)	1	:	1.000000	0.000000	0.000000	0.000000	0.000000
26	tsk_26	(x)	1	:	0.000000	0.000000	0.000000	1.000000	0.000000
27	tsk_27	(x)	1	:	0.000003	0.000000	0.999997	0.000000	0.000000
28	tsk_28	(x)	1	:	0.773879	0.000000	0.226121	0.000000	0.000000
29	tsk_29	(x)	1	:	0.702212	0.000000	0.297788	0.000000	0.000000
