logL = -37.965480 (converged)
AIC = 385.930959
BIC = 603.116553

count.K
2 3 9 6 10 

