logL = -13.762900 (converged)
AIC = 225.525799
BIC = 364.244340

count.K
10 10 10 

