0	tsk_0	(x)	1	:	0.000000	0.000000	0.782885	0.000000	0.000000	0.217115
1	tsk_1	(x)	1	:	0.000000	0.000000	0.000000	0.000000	0.000000	1.000000
2	tsk_2	(x)	1	:	0.000000	0.000000	0.782885	0.000000	0.000000	0.217115
3	tsk_3	(x)	1	:	0.000000	0.000000	0.782885	0.000000	0.000000	0.217114
4	tsk_4	(x)	1	:	0.000000	0.000000	0.000000	0.000000	0.000000	1.000000
5	tsk_5	(x)	1	:	0.000000	0.000000	0.000000	0.000000	0.000000	1.000000
6	tsk_6	(x)	1	:	0.000000	0.000000	0.000000	0.000000	0.000000	1.000000
7	tsk_7	(x)	1	:	0.500087	0.000000	0.000006	0.000013	0.000000	0.499895
8	tsk_8	(x)	1	:	0.000000	0.000000	0.782885	0.000000	0.000000	0.217115
9	tsk_9	(x)	1	:	0.000000	0.000000	0.000000	0.000000	0.000000	1.000000
10	tsk_10	(x)	1	:	0.999973	0.000000	0.000000	0.000027	0.000000	0.000000
11	tsk_11	(x)	1	:	0.000000	1.000000	0.000000	0.000000	0.000000	0.000000
12	tsk_12	(x)	1	:	0.999962	0.000000	0.000000	0.000037	0.000000	0.000000
13	tsk_13	(x)	1	:	0.000037	0.000000	0.000000	0.511815	0.488148	0.000000
14	tsk_14	(x)	1	:	0.999942	0.000000	0.000000	0.000058	0.000000	0.000000
15	tsk_15	(x)	1	:	0.000046	0.000000	0.000000	0.511808	0.488146	0.000000
16	tsk_16	(x)	1	:	0.000020	0.000000	0.000000	0.511828	0.488152	0.000000
17	tsk_17	(x)	1	:	0.999955	0.000000	0.000000	0.000045	0.000000	0.000000
18	tsk_18	(x)	1	:	0.000029	0.000000	0.000000	0.511821	0.488150	0.000000
19	tsk_19	(x)	1	:	0.999902	0.000000	0.000000	0.000098	0.000000	0.000000
20	tsk_20	(x)	1	:	0.510981	0.000000	0.000000	0.000064	0.488956	0.000000
21	tsk_21	(x)	1	:	0.999938	0.000000	0.000000	0.000062	0.000000	0.000000
22	tsk_22	(x)	1	:	0.000000	0.000000	0.000000	0.000000	1.000000	0.000000
23	tsk_23	(x)	1	:	0.511001	0.000000	0.000000	0.000047	0.488952	0.000000
24	tsk_24	(x)	1	:	0.511042	0.000000	0.000000	0.000015	0.488944	0.000000
25	tsk_25	(x)	1	:	0.999822	0.000000	0.000000	0.000178	0.000000	0.000000
26	tsk_26	(x)	1	:	0.000000	0.000000	0.000000	0.000000	1.000000	0.000000
27	tsk_27	(x)	1	:	0.511020	0.000000	0.000000	0.000032	0.488948	0.000000
28	tsk_28	(x)	1	:	0.000000	0.000000	0.000000	0.000000	1.000000	0.000000
29	tsk_29	(x)	1	:	0.000000	0.000000	0.000000	0.000000	1.000000	0.000000
