0	tsk_0	(x)	1	:	0.000000	0.645915	0.032380	0.000000	0.321705	0.000000
1	tsk_1	(x)	1	:	0.000004	0.038841	0.418292	0.000000	0.077120	0.465743
2	tsk_2	(x)	1	:	0.000000	0.496816	0.000000	0.000000	0.503184	0.000000
3	tsk_3	(x)	1	:	0.000000	0.000000	0.000000	0.000000	0.000000	1.000000
4	tsk_4	(x)	1	:	0.000000	0.068214	0.437282	0.000000	0.028757	0.465747
5	tsk_5	(x)	1	:	0.000000	0.000000	0.460306	0.000000	0.000000	0.539693
6	tsk_6	(x)	1	:	0.000000	0.000000	0.000000	0.000000	0.000000	1.000000
7	tsk_7	(x)	1	:	0.000001	0.000000	0.398028	0.000000	0.136226	0.465746
8	tsk_8	(x)	1	:	0.000000	0.000000	0.000000	0.000000	0.000000	1.000000
9	tsk_9	(x)	1	:	0.000000	0.000000	0.000000	0.000000	0.000000	1.000000
10	tsk_10	(x)	1	:	0.000000	0.000000	0.002536	0.000000	0.997464	0.000000
11	tsk_11	(x)	1	:	0.000000	0.515800	0.101076	0.000000	0.383125	0.000000
12	tsk_12	(x)	1	:	0.000000	0.107383	0.037490	0.000000	0.855127	0.000000
13	tsk_13	(x)	1	:	0.000000	0.698097	0.064059	0.000000	0.237843	0.000000
14	tsk_14	(x)	1	:	0.000000	0.152002	0.097086	0.000000	0.750912	0.000000
15	tsk_15	(x)	1	:	0.000000	0.000000	0.285423	0.000000	0.714577	0.000000
16	tsk_16	(x)	1	:	0.000000	0.151347	0.102847	0.000000	0.745806	0.000000
17	tsk_17	(x)	1	:	0.000000	0.136791	0.101624	0.000000	0.761584	0.000000
18	tsk_18	(x)	1	:	0.000000	0.145141	0.127213	0.000000	0.727646	0.000000
19	tsk_19	(x)	1	:	0.000000	0.000000	0.442788	0.000000	0.557212	0.000000
20	tsk_20	(x)	1	:	0.000000	0.389475	0.005157	0.000000	0.605368	0.000000
21	tsk_21	(x)	1	:	0.523888	0.024887	0.451225	0.000000	0.000000	0.000000
22	tsk_22	(x)	1	:	0.523888	0.030367	0.438331	0.000000	0.007413	0.000000
23	tsk_23	(x)	1	:	0.519470	0.000000	0.000068	0.480462	0.000000	0.000000
24	tsk_24	(x)	1	:	0.523888	0.026625	0.434822	0.000000	0.014665	0.000000
25	tsk_25	(x)	1	:	0.000000	0.401971	0.303491	0.000000	0.294538	0.000000
26	tsk_26	(x)	1	:	0.000000	0.364460	0.072915	0.000000	0.562625	0.000000
27	tsk_27	(x)	1	:	0.000000	0.547825	0.043306	0.000000	0.408869	0.000000
28	tsk_28	(x)	1	:	0.000000	0.282580	0.061361	0.000000	0.656058	0.000000
29	tsk_29	(x)	1	:	0.000000	0.841779	0.158221	0.000000	0.000000	0.000000
