0	tsk_0	(x)	1	:	0.000000	0.000000	0.999978	0.000022	0.000000
1	tsk_1	(x)	1	:	0.000000	0.000000	0.999992	0.000008	0.000000
2	tsk_2	(x)	1	:	0.000000	0.000000	0.999993	0.000007	0.000000
3	tsk_3	(x)	1	:	0.000000	0.000000	0.999996	0.000004	0.000000
4	tsk_4	(x)	1	:	0.000000	0.000000	0.999954	0.000046	0.000000
5	tsk_5	(x)	1	:	0.000000	0.000000	0.999948	0.000052	0.000000
6	tsk_6	(x)	1	:	0.000000	0.000000	0.999993	0.000007	0.000000
7	tsk_7	(x)	1	:	0.000000	0.000000	0.999995	0.000005	0.000000
8	tsk_8	(x)	1	:	0.000000	0.000000	0.999911	0.000089	0.000000
9	tsk_9	(x)	1	:	0.000000	0.000000	0.999994	0.000006	0.000000
10	tsk_10	(x)	1	:	0.000000	0.891483	0.000000	0.000000	0.108517
11	tsk_11	(x)	1	:	0.508053	0.000001	0.000000	0.000000	0.491946
12	tsk_12	(x)	1	:	0.000000	0.891709	0.000000	0.000000	0.108291
13	tsk_13	(x)	1	:	0.508057	0.000000	0.000000	0.000009	0.491934
14	tsk_14	(x)	1	:	1.000000	0.000000	0.000000	0.000000	0.000000
15	tsk_15	(x)	1	:	0.399410	0.600572	0.000000	0.000018	0.000000
16	tsk_16	(x)	1	:	0.000001	0.499196	0.000005	0.500785	0.000012
17	tsk_17	(x)	1	:	0.508055	0.000001	0.000000	0.000004	0.491940
18	tsk_18	(x)	1	:	0.999996	0.000000	0.000000	0.000004	0.000000
19	tsk_19	(x)	1	:	0.000000	0.891197	0.000000	0.000000	0.108803
20	tsk_20	(x)	1	:	0.508061	0.000000	0.000000	0.000015	0.491924
21	tsk_21	(x)	1	:	0.508063	0.000000	0.000000	0.000018	0.491920
22	tsk_22	(x)	1	:	1.000000	0.000000	0.000000	0.000000	0.000000
23	tsk_23	(x)	1	:	0.508056	0.000001	0.000000	0.000005	0.491937
24	tsk_24	(x)	1	:	0.508055	0.000000	0.000000	0.000005	0.491941
25	tsk_25	(x)	1	:	0.508052	0.000000	0.000000	0.000000	0.491948
26	tsk_26	(x)	1	:	0.999993	0.000000	0.000000	0.000007	0.000000
27	tsk_27	(x)	1	:	0.000000	0.000000	0.000000	0.000000	1.000000
28	tsk_28	(x)	1	:	0.508055	0.000000	0.000000	0.000004	0.491941
29	tsk_29	(x)	1	:	0.508055	0.000000	0.000000	0.000005	0.491940
