0	tsk_0	(x)	1	:	0.000000	0.000000	0.000000	0.701396	0.000000	0.298604
1	tsk_1	(x)	1	:	0.000000	0.000000	0.000000	0.697766	0.000000	0.302234
2	tsk_2	(x)	1	:	0.000000	0.000000	0.000000	0.733046	0.000000	0.266954
3	tsk_3	(x)	1	:	0.000000	0.000000	0.000000	0.936974	0.000000	0.063026
4	tsk_4	(x)	1	:	0.000000	0.000000	0.000000	0.634449	0.000000	0.365551
5	tsk_5	(x)	1	:	0.000000	0.000000	0.000000	0.697650	0.000000	0.302350
6	tsk_6	(x)	1	:	0.000000	0.000000	0.000000	0.566095	0.000000	0.433905
7	tsk_7	(x)	1	:	0.000000	0.000000	0.000000	0.409874	0.000000	0.590126
8	tsk_8	(x)	1	:	0.000000	0.000000	0.000000	0.825397	0.000000	0.174603
9	tsk_9	(x)	1	:	0.000000	0.000000	0.000000	0.632797	0.000000	0.367203
10	tsk_10	(x)	1	:	0.051961	0.498070	0.000000	0.145775	0.000000	0.304193
11	tsk_11	(x)	1	:	0.856520	0.000000	0.000000	0.069754	0.000000	0.073726
12	tsk_12	(x)	1	:	0.856520	0.000000	0.000000	0.072524	0.000000	0.070956
13	tsk_13	(x)	1	:	0.000000	0.000000	0.000000	0.000000	1.000000	0.000000
14	tsk_14	(x)	1	:	0.000000	0.000000	0.000000	0.000000	1.000000	0.000000
15	tsk_15	(x)	1	:	0.000000	0.000000	0.000000	0.000000	1.000000	0.000000
16	tsk_16	(x)	1	:	0.856520	0.000000	0.000000	0.059684	0.000000	0.083796
17	tsk_17	(x)	1	:	0.053251	0.497382	0.000000	0.186493	0.000000	0.262875
18	tsk_18	(x)	1	:	0.049447	0.499308	0.451162	0.000083	0.000000	0.000000
19	tsk_19	(x)	1	:	0.053626	0.497182	0.000000	0.112991	0.000000	0.336202
20	tsk_20	(x)	1	:	0.000000	0.525949	0.000000	0.207235	0.000000	0.266816
21	tsk_21	(x)	1	:	0.000000	0.525873	0.000000	0.312249	0.000000	0.161877
22	tsk_22	(x)	1	:	0.053199	0.497409	0.000000	0.218616	0.000000	0.230775
23	tsk_23	(x)	1	:	0.000000	0.000000	0.000000	0.000000	1.000000	0.000000
24	tsk_24	(x)	1	:	0.053210	0.497404	0.000000	0.215935	0.000000	0.233451
25	tsk_25	(x)	1	:	0.040855	0.503838	0.212230	0.071543	0.000000	0.171535
26	tsk_26	(x)	1	:	0.051719	0.498199	0.000000	0.314468	0.000000	0.135613
27	tsk_27	(x)	1	:	0.051309	0.498418	0.000000	0.291390	0.000000	0.158883
28	tsk_28	(x)	1	:	0.000000	0.000000	0.000000	0.820526	0.000000	0.179474
29	tsk_29	(x)	1	:	0.000000	0.000000	0.000000	0.565214	0.000000	0.434786
