0	tsk_0	(x)	1	:	0.000000	0.000000	1.000000	0.000000	0.000000
1	tsk_1	(x)	1	:	0.044424	0.577301	0.378274	0.000001	0.000001
2	tsk_2	(x)	1	:	0.000484	0.576153	0.422395	0.000484	0.000484
3	tsk_3	(x)	1	:	0.000000	1.000000	0.000000	0.000000	0.000000
4	tsk_4	(x)	1	:	0.000484	0.576153	0.422395	0.000484	0.000484
5	tsk_5	(x)	1	:	0.062304	0.512377	0.000080	0.302904	0.122335
6	tsk_6	(x)	1	:	0.000000	0.000000	1.000000	0.000000	0.000000
7	tsk_7	(x)	1	:	0.000000	1.000000	0.000000	0.000000	0.000000
8	tsk_8	(x)	1	:	0.000000	1.000000	0.000000	0.000000	0.000000
9	tsk_9	(x)	1	:	0.000000	0.000000	1.000000	0.000000	0.000000
10	tsk_10	(x)	1	:	0.206529	0.000000	0.000000	0.438283	0.355188
11	tsk_11	(x)	1	:	0.412835	0.000000	0.000000	0.261099	0.326066
12	tsk_12	(x)	1	:	0.198941	0.000000	0.000000	0.640207	0.160852
13	tsk_13	(x)	1	:	0.290112	0.000000	0.000000	0.390909	0.318979
14	tsk_14	(x)	1	:	0.339290	0.000000	0.000000	0.096355	0.564355
15	tsk_15	(x)	1	:	0.526755	0.000000	0.000000	0.412484	0.060761
16	tsk_16	(x)	1	:	0.414820	0.000000	0.000000	0.259251	0.325929
17	tsk_17	(x)	1	:	0.288908	0.000000	0.000000	0.393462	0.317630
18	tsk_18	(x)	1	:	0.366116	0.000000	0.000000	0.233007	0.400877
19	tsk_19	(x)	1	:	0.361701	0.000000	0.000000	0.355124	0.283175
20	tsk_20	(x)	1	:	0.414122	0.000000	0.000000	0.258890	0.326988
21	tsk_21	(x)	1	:	0.492314	0.000000	0.000000	0.110122	0.397564
22	tsk_22	(x)	1	:	0.437085	0.000000	0.000000	0.208294	0.354621
23	tsk_23	(x)	1	:	0.477095	0.000000	0.000000	0.232708	0.290197
24	tsk_24	(x)	1	:	0.000000	0.000000	0.000000	0.304060	0.695940
25	tsk_25	(x)	1	:	0.096895	0.000000	0.000000	0.735169	0.167936
26	tsk_26	(x)	1	:	0.226407	0.000000	0.000000	0.593326	0.180266
27	tsk_27	(x)	1	:	0.491377	0.000000	0.000000	0.224605	0.284018
28	tsk_28	(x)	1	:	0.231434	0.000000	0.000000	0.481648	0.286918
29	tsk_29	(x)	1	:	0.405580	0.000000	0.000000	0.092085	0.502334
