logL = -54.453010 (converged)
AIC = 188.906019
BIC = 244.953914

count.K
10 20 

