logL = -11.090356 (converged)
AIC = 334.180713
BIC = 552.767504

count.K
2 8 7 6 3 4 

