logL = -60.445970 (converged)
AIC = 288.891939
BIC = 406.592520

count.K
13 7 10 

