logL = -34.657546 (converged)
AIC = 465.315091
BIC = 742.752173

count.K
1 3 7 2 7 10 

