logL = -94.874023 (converged)
AIC = 313.748046
BIC = 400.622284

count.K
23 7 

