logL = -52.812838 (converged)
AIC = 213.625676
BIC = 289.290334

count.K
20 10 

