logL = -63.818647 (converged)
AIC = 523.637293
BIC = 801.074375

count.K
7 1 7 6 0 9 

