logL = -32.080748 (converged)
AIC = 364.161496
BIC = 574.341103

count.K
7 8 2 4 9 

