logL = -49.303624 (converged)
AIC = 326.607249
BIC = 486.343750

count.K
5 18 2 5 

