logL = -26.001027 (converged)
AIC = 342.002054
BIC = 545.175674

count.K
2 2 3 20 3 

