logL = -27.136589 (converged)
AIC = 298.273178
BIC = 469.219259

count.K
23 0 1 6 

