logL = -33.883004 (converged)
AIC = 377.766007
BIC = 594.951601

count.K
4 18 1 2 5 

