logL = -165.920025 (converged)
AIC = 775.840050
BIC = 1086.905869

count.K
3 11 0 11 4 1 

