logL = -70.218390 (converged)
AIC = 216.436781
BIC = 269.682281

count.K
21 9 

