logL = -77.194270 (converged)
AIC = 246.388540
BIC = 310.843620

count.K
17 13 

