0	tsk_0	(x)	1	:	0.000000	0.500000	0.375423	0.000000	0.124577
1	tsk_1	(x)	1	:	0.000000	0.500000	0.437438	0.000000	0.062562
2	tsk_2	(x)	1	:	0.000000	1.000000	0.000000	0.000000	0.000000
3	tsk_3	(x)	1	:	0.000000	0.500000	0.412110	0.000000	0.087890
4	tsk_4	(x)	1	:	0.000000	1.000000	0.000000	0.000000	0.000000
5	tsk_5	(x)	1	:	0.000000	1.000000	0.000000	0.000000	0.000000
6	tsk_6	(x)	1	:	0.000000	1.000000	0.000000	0.000000	0.000000
7	tsk_7	(x)	1	:	0.000000	1.000000	0.000000	0.000000	0.000000
8	tsk_8	(x)	1	:	0.000000	0.500000	0.344042	0.000000	0.155958
9	tsk_9	(x)	1	:	0.000000	1.000000	0.000000	0.000000	0.000000
10	tsk_10	(x)	1	:	0.000000	0.000000	0.086798	0.000000	0.913201
11	tsk_11	(x)	1	:	0.000000	0.000000	0.395116	0.000000	0.604884
12	tsk_12	(x)	1	:	0.000000	0.000000	0.000000	0.000000	1.000000
13	tsk_13	(x)	1	:	0.000000	0.000000	0.250438	0.000000	0.749562
14	tsk_14	(x)	1	:	0.000000	0.000000	0.164002	0.000000	0.835998
15	tsk_15	(x)	1	:	0.000000	0.000000	0.457129	0.000000	0.542871
16	tsk_16	(x)	1	:	0.000000	0.000000	0.343524	0.000000	0.656476
17	tsk_17	(x)	1	:	0.000000	0.000000	0.096105	0.000000	0.903895
18	tsk_18	(x)	1	:	0.000000	0.000000	0.095944	0.000000	0.904056
19	tsk_19	(x)	1	:	0.000000	0.000000	0.434638	0.000000	0.565362
20	tsk_20	(x)	1	:	0.000000	0.000000	0.216688	0.000000	0.783312
21	tsk_21	(x)	1	:	0.000000	0.000000	0.019637	0.539194	0.441169
22	tsk_22	(x)	1	:	0.000000	0.000000	0.028064	0.539194	0.432742
23	tsk_23	(x)	1	:	0.498086	0.000000	0.167378	0.000000	0.334536
24	tsk_24	(x)	1	:	0.000000	0.000000	0.240308	0.000000	0.759692
25	tsk_25	(x)	1	:	0.466442	0.000000	0.000332	0.531587	0.001639
26	tsk_26	(x)	1	:	0.000000	0.000000	0.134161	0.539194	0.326645
27	tsk_27	(x)	1	:	0.498051	0.000000	0.205718	0.000000	0.296231
28	tsk_28	(x)	1	:	0.000000	0.000000	0.104275	0.539194	0.356531
29	tsk_29	(x)	1	:	0.000000	0.000000	0.122220	0.000000	0.877780
