logL = -29.917656 (converged)
AIC = 369.835311
BIC = 587.020905

count.K
5 4 11 0 10 

