logL = -43.909463 (converged)
AIC = 163.818926
BIC = 217.064427

count.K
17 13 

