logL = -136.176612 (converged)
AIC = 488.353223
BIC = 639.682541

count.K
13 10 7 

