logL = -179.894425 (converged)
AIC = 569.788849
BIC = 716.914574

count.K
9 8 13 

