logL = -159.644640 (converged)
AIC = 847.289279
BIC = 1217.205388

count.K
5 2 9 3 8 3 

