logL = -110.497882 (converged)
AIC = 418.995763
BIC = 557.714304

count.K
7 5 18 

