logL = -188.541223 (converged)
AIC = 905.082447
BIC = 1274.998555

count.K
11 3 10 1 5 0 

