logL = -194.488653 (converged)
AIC = 818.977306
BIC = 1120.234743

count.K
1 10 11 2 6 

