logL = -222.622369 (converged)
AIC = 679.244739
BIC = 843.184833

count.K
8 12 10 

