logL = -45.305848 (converged)
AIC = 342.611696
BIC = 519.162566

count.K
4 5 4 17 

