logL = -40.749290 (converged)
AIC = 525.498580
BIC = 836.564398

count.K
12 1 0 5 2 10 

