logL = -49.756446 (converged)
AIC = 499.512891
BIC = 779.752368

count.K
7 1 11 2 9 

