logL = -170.011044 (converged)
AIC = 444.022088
BIC = 516.884352

count.K
14 16 

