logL = -80.341157 (converged)
AIC = 510.682315
BIC = 755.891857

count.K
3 10 10 3 4 

