logL = -73.731628 (converged)
AIC = 423.463255
BIC = 616.828494

count.K
1 3 13 13 

