logL = -152.617337 (converged)
AIC = 417.234674
BIC = 495.701727

count.K
6 24 

