logL = -122.854085 (converged)
AIC = 357.708171
BIC = 436.175224

count.K
22 8 

