logL = -40.074864 (converged)
AIC = 236.149728
BIC = 345.443124

count.K
9 10 11 

