logL = -66.425159 (converged)
AIC = 324.850318
BIC = 459.365266

count.K
9 11 10 

