logL = -49.618358 (converged)
AIC = 327.236717
BIC = 486.973218

count.K
13 12 4 1 

