0	tsk_0	(x)	1	:	0.281694	0.000000	0.000000	0.474566	0.000000	0.243740
1	tsk_1	(x)	1	:	0.000000	0.000000	0.000000	0.681606	0.000000	0.318394
2	tsk_2	(x)	1	:	0.279429	0.000000	0.000000	0.477158	0.000000	0.243414
3	tsk_3	(x)	1	:	0.000447	0.999172	0.000000	0.000000	0.000000	0.000381
4	tsk_4	(x)	1	:	0.282862	0.000000	0.000000	0.471244	0.000000	0.245894
5	tsk_5	(x)	1	:	0.000000	0.000000	0.000000	0.806826	0.000000	0.193174
6	tsk_6	(x)	1	:	0.219015	0.000000	0.000000	0.381524	0.000000	0.399462
7	tsk_7	(x)	1	:	0.000000	0.000000	0.000000	1.000000	0.000000	0.000000
8	tsk_8	(x)	1	:	0.161078	0.000000	0.000000	0.551570	0.000000	0.287352
9	tsk_9	(x)	1	:	0.141818	0.000000	0.000000	0.858182	0.000000	0.000000
10	tsk_10	(x)	1	:	0.549466	0.000000	0.000000	0.301804	0.000000	0.148730
11	tsk_11	(x)	1	:	1.000000	0.000000	0.000000	0.000000	0.000000	0.000000
12	tsk_12	(x)	1	:	0.383004	0.000000	0.300388	0.145343	0.000000	0.171265
13	tsk_13	(x)	1	:	0.155442	0.000000	0.000000	0.559314	0.000000	0.285244
14	tsk_14	(x)	1	:	0.000000	0.000000	0.000000	0.485516	0.000000	0.514484
15	tsk_15	(x)	1	:	0.000000	0.000000	0.000000	0.790930	0.000000	0.209070
16	tsk_16	(x)	1	:	0.129046	0.000000	0.000000	0.644476	0.000000	0.226478
17	tsk_17	(x)	1	:	0.000000	0.000000	0.000000	0.383544	0.000000	0.616456
18	tsk_18	(x)	1	:	0.165431	0.000000	0.000000	0.545469	0.000000	0.289100
19	tsk_19	(x)	1	:	0.217308	0.000000	0.000000	0.381842	0.000000	0.400850
20	tsk_20	(x)	1	:	0.000000	0.000000	0.000000	0.000000	1.000000	0.000000
21	tsk_21	(x)	1	:	0.000000	0.000000	0.000000	0.000000	1.000000	0.000000
22	tsk_22	(x)	1	:	0.000000	0.000000	0.000000	0.000000	1.000000	0.000000
23	tsk_23	(x)	1	:	0.000000	0.000000	0.999999	0.000000	0.000000	0.000000
24	tsk_24	(x)	1	:	0.000000	0.000000	1.000000	0.000000	0.000000	0.000000
25	tsk_25	(x)	1	:	0.000000	0.000000	0.000000	0.000000	1.000000	0.000000
26	tsk_26	(x)	1	:	0.000000	0.000000	0.000000	0.000000	1.000000	0.000000
27	tsk_27	(x)	1	:	0.000000	0.000000	1.000000	0.000000	0.000000	0.000000
28	tsk_28	(x)	1	:	0.000000	0.000000	0.000000	0.000000	1.000000	0.000000
29	tsk_29	(x)	1	:	0.000000	0.000000	0.000000	0.000000	1.000000	0.000000
