0	tsk_0	(x)	1	:	0.000000	0.000000	1.000000	0.000000	0.000000
1	tsk_1	(x)	1	:	0.000000	0.000000	1.000000	0.000000	0.000000
2	tsk_2	(x)	1	:	0.000000	0.000000	1.000000	0.000000	0.000000
3	tsk_3	(x)	1	:	0.206848	0.010035	0.000000	0.397304	0.385813
4	tsk_4	(x)	1	:	0.000000	0.000000	1.000000	0.000000	0.000000
5	tsk_5	(x)	1	:	0.141230	0.095354	0.499997	0.109805	0.153614
6	tsk_6	(x)	1	:	0.034323	0.279056	0.499992	0.079980	0.106648
7	tsk_7	(x)	1	:	0.000000	0.000000	1.000000	0.000000	0.000000
8	tsk_8	(x)	1	:	0.091851	0.306729	0.499991	0.000000	0.101430
9	tsk_9	(x)	1	:	0.079380	0.258468	0.499992	0.065050	0.097110
10	tsk_10	(x)	1	:	0.227298	0.003571	0.000000	0.484334	0.284797
11	tsk_11	(x)	1	:	0.339322	0.006248	0.000000	0.438999	0.215431
12	tsk_12	(x)	1	:	0.164371	0.015656	0.000000	0.209417	0.610556
13	tsk_13	(x)	1	:	0.282926	0.001732	0.000000	0.480690	0.234652
14	tsk_14	(x)	1	:	0.089631	0.006659	0.000000	0.569498	0.334211
15	tsk_15	(x)	1	:	0.283920	0.001729	0.000000	0.361766	0.352585
16	tsk_16	(x)	1	:	0.288293	0.001596	0.000000	0.000000	0.710110
17	tsk_17	(x)	1	:	0.092756	0.278228	0.499992	0.101855	0.027169
18	tsk_18	(x)	1	:	0.434070	0.010221	0.000000	0.420011	0.135698
19	tsk_19	(x)	1	:	0.209503	0.006857	0.000000	0.266703	0.516938
20	tsk_20	(x)	1	:	0.164294	0.006049	0.000000	0.420108	0.409549
21	tsk_21	(x)	1	:	0.606151	0.014281	0.000000	0.000000	0.379569
22	tsk_22	(x)	1	:	0.164707	0.006740	0.000000	0.421212	0.407340
23	tsk_23	(x)	1	:	0.320237	0.007274	0.000000	0.273660	0.398829
24	tsk_24	(x)	1	:	0.324889	0.001883	0.000000	0.137239	0.535988
25	tsk_25	(x)	1	:	0.495858	0.000000	0.000000	0.254748	0.249394
26	tsk_26	(x)	1	:	0.240853	0.008556	0.000000	0.154179	0.596412
27	tsk_27	(x)	1	:	0.209122	0.007155	0.000000	0.266810	0.516913
28	tsk_28	(x)	1	:	0.000000	0.004198	0.000000	0.577297	0.418505
29	tsk_29	(x)	1	:	0.101262	0.004820	0.000000	0.642159	0.251760
