logL = -18.230760 (converged)
AIC = 372.461520
BIC = 607.862680

count.K
7 4 5 1 7 6 

