logL = -57.410484 (converged)
AIC = 434.820968
BIC = 659.012549

count.K
2 5 7 11 5 

