logL = -81.346295 (converged)
AIC = 570.692591
BIC = 856.536857

count.K
11 0 6 4 3 6 

