logL = -64.211936 (converged)
AIC = 396.423873
BIC = 584.184322

count.K
6 13 5 6 

