logL = -45.165495 (converged)
AIC = 240.330991
BIC = 345.420794

count.K
7 13 10 

