logL = -61.243056 (converged)
AIC = 278.486112
BIC = 387.779508

count.K
13 10 7 

