logL = -41.174663 (converged)
AIC = 174.349325
BIC = 238.804405

count.K
4 26 

