logL = -89.576636 (converged)
AIC = 407.153272
BIC = 566.889773

count.K
10 10 10 

