logL = -64.715709 (converged)
AIC = 205.431419
BIC = 258.676919

count.K
13 17 

