logL = -98.249657 (converged)
AIC = 628.499313
BIC = 931.157948

count.K
5 0 9 9 6 1 

