logL = -31.697307 (converged)
AIC = 353.394614
BIC = 556.568234

count.K
3 8 2 7 10 

