logL = -46.586348 (converged)
AIC = 305.172696
BIC = 453.699618

count.K
0 17 2 11 

