logL = -203.398969 (converged)
AIC = 562.797939
BIC = 672.091335

count.K
10 20 

