logL = -71.330573 (converged)
AIC = 230.661145
BIC = 292.313830

count.K
9 21 

