logL = -40.704018 (converged)
AIC = 231.408037
BIC = 336.497840

count.K
4 15 11 

