0	tsk_0	(x)	1	:	0.475757	0.000000	0.281244	0.242999	0.000000	0.000000
1	tsk_1	(x)	1	:	0.000006	0.000000	0.000005	0.000000	0.000000	0.999990
2	tsk_2	(x)	1	:	0.000360	0.000000	0.009847	0.000000	0.498560	0.491233
3	tsk_3	(x)	1	:	0.000620	0.000000	0.009643	0.000000	0.498552	0.491184
4	tsk_4	(x)	1	:	0.000014	0.000000	0.000005	0.000000	0.000000	0.999981
5	tsk_5	(x)	1	:	0.073021	0.000000	0.183997	0.242995	0.000000	0.499988
6	tsk_6	(x)	1	:	0.162509	0.000000	0.094497	0.242998	0.000000	0.499996
7	tsk_7	(x)	1	:	0.001115	0.000000	0.007100	0.000000	0.498838	0.492947
8	tsk_8	(x)	1	:	0.000394	0.000000	0.009308	0.000000	0.498630	0.491667
9	tsk_9	(x)	1	:	0.000005	0.000000	0.000003	0.000000	0.000000	0.999992
10	tsk_10	(x)	1	:	0.000000	0.000000	0.000000	0.000000	1.000000	0.000000
11	tsk_11	(x)	1	:	0.305628	0.000000	0.694356	0.000000	0.000000	0.000016
12	tsk_12	(x)	1	:	0.131463	0.000000	0.368519	0.000003	0.500001	0.000015
13	tsk_13	(x)	1	:	0.081405	0.000000	0.418581	0.000002	0.500001	0.000011
14	tsk_14	(x)	1	:	0.337798	0.000000	0.662191	0.000000	0.000000	0.000010
15	tsk_15	(x)	1	:	0.609023	0.000000	0.390971	0.000000	0.000000	0.000007
16	tsk_16	(x)	1	:	0.119648	0.000000	0.380331	0.000003	0.500001	0.000017
17	tsk_17	(x)	1	:	0.350070	0.000000	0.649922	0.000000	0.000000	0.000008
18	tsk_18	(x)	1	:	0.430758	0.000000	0.569233	0.000000	0.000000	0.000009
19	tsk_19	(x)	1	:	0.063336	0.000000	0.436653	0.000002	0.500001	0.000009
20	tsk_20	(x)	1	:	0.000000	1.000000	0.000000	0.000000	0.000000	0.000000
21	tsk_21	(x)	1	:	0.000000	0.000000	0.000000	1.000000	0.000000	0.000000
22	tsk_22	(x)	1	:	0.000000	0.000000	0.000000	1.000000	0.000000	0.000000
23	tsk_23	(x)	1	:	0.000000	1.000000	0.000000	0.000000	0.000000	0.000000
24	tsk_24	(x)	1	:	0.000000	0.000000	0.000000	1.000000	0.000000	0.000000
25	tsk_25	(x)	1	:	0.000000	0.000000	0.000000	1.000000	0.000000	0.000000
26	tsk_26	(x)	1	:	0.000000	1.000000	0.000000	0.000000	0.000000	0.000000
27	tsk_27	(x)	1	:	0.000000	0.000000	0.000000	1.000000	0.000000	0.000000
28	tsk_28	(x)	1	:	0.000000	0.000000	0.000000	1.000000	0.000000	0.000000
29	tsk_29	(x)	1	:	0.000000	0.997208	0.000000	0.002792	0.000000	0.000000
