logL = -95.824305 (converged)
AIC = 475.648609
BIC = 674.618637

count.K
12 14 1 3 

