0	tsk_0	(x)	1	:	0.000000	0.442615	0.000000	0.000000	0.499998	0.057386
1	tsk_1	(x)	1	:	0.000000	0.000000	0.889301	0.000000	0.110699	0.000000
2	tsk_2	(x)	1	:	0.000000	0.000127	0.017979	0.490744	0.000534	0.490616
3	tsk_3	(x)	1	:	0.000000	0.000001	0.442813	0.000000	0.057187	0.499999
4	tsk_4	(x)	1	:	0.000000	0.500000	0.500000	0.000000	0.000000	0.000000
5	tsk_5	(x)	1	:	0.000000	0.000000	0.000000	0.000000	0.000000	1.000000
6	tsk_6	(x)	1	:	0.000000	1.000000	0.000000	0.000000	0.000000	0.000000
7	tsk_7	(x)	1	:	0.000000	0.443059	0.500000	0.000000	0.000000	0.056941
8	tsk_8	(x)	1	:	0.000000	0.387093	0.447964	0.000000	0.052036	0.112908
9	tsk_9	(x)	1	:	0.000000	1.000000	0.000000	0.000000	0.000000	0.000000
10	tsk_10	(x)	1	:	0.000000	0.000000	0.000000	0.000000	0.000000	1.000000
11	tsk_11	(x)	1	:	0.000000	0.000000	0.000000	1.000000	0.000000	0.000000
12	tsk_12	(x)	1	:	0.500468	0.000000	0.000731	0.498800	0.000000	0.000000
13	tsk_13	(x)	1	:	0.501625	0.000000	0.498375	0.000000	0.000000	0.000000
14	tsk_14	(x)	1	:	0.000000	0.000000	1.000000	0.000000	0.000000	0.000000
15	tsk_15	(x)	1	:	0.498433	0.496779	0.001443	0.000000	0.003344	0.000000
16	tsk_16	(x)	1	:	0.000000	0.000000	0.000000	0.000000	1.000000	0.000000
17	tsk_17	(x)	1	:	0.000000	0.000000	0.938561	0.000000	0.061439	0.000000
18	tsk_18	(x)	1	:	0.000000	0.000000	0.941265	0.000000	0.058735	0.000000
19	tsk_19	(x)	1	:	0.000000	0.210356	0.004892	0.497472	0.000164	0.287116
20	tsk_20	(x)	1	:	0.488509	0.000000	0.000000	0.486874	0.024616	0.000000
21	tsk_21	(x)	1	:	0.000000	0.000000	0.000000	0.000000	1.000000	0.000000
22	tsk_22	(x)	1	:	0.501647	0.000000	0.000000	0.000000	0.498353	0.000000
23	tsk_23	(x)	1	:	0.000000	0.000000	0.938561	0.000000	0.061439	0.000000
24	tsk_24	(x)	1	:	0.000000	0.000000	0.000000	0.000000	1.000000	0.000000
25	tsk_25	(x)	1	:	0.000000	0.000000	0.887372	0.000000	0.112628	0.000000
26	tsk_26	(x)	1	:	0.000000	0.000000	0.883141	0.000000	0.116858	0.000000
27	tsk_27	(x)	1	:	0.501710	0.000000	0.000077	0.000000	0.498213	0.000000
28	tsk_28	(x)	1	:	0.000000	0.000000	0.893178	0.000000	0.106822	0.000000
29	tsk_29	(x)	1	:	0.000000	0.000000	0.000000	0.000000	1.000000	0.000000
