logL = -53.992310 (converged)
AIC = 275.984620
BIC = 393.685200

count.K
24 2 4 

