logL = -48.343123 (converged)
AIC = 324.686247
BIC = 484.422748

count.K
11 9 3 7 

