logL = -29.931441 (converged)
AIC = 419.862882
BIC = 672.078411

count.K
5 3 7 2 2 11 

