logL = -38.955377 (converged)
AIC = 313.910754
BIC = 479.252045

count.K
8 1 19 2 

