logL = -62.167671 (converged)
AIC = 304.335343
BIC = 430.443107

count.K
12 9 9 

