logL = -32.222249 (converged)
AIC = 412.444497
BIC = 656.252842

count.K
2 6 4 2 8 8 

