logL = -75.576259 (converged)
AIC = 583.152519
BIC = 885.811153

count.K
2 12 2 4 10 0 

