logL = -13.865007 (converged)
AIC = 351.730014
BIC = 578.723990

count.K
2 5 8 10 3 2 

