logL = -41.188071 (converged)
AIC = 334.376142
BIC = 510.927012

count.K
1 7 13 9 

