logL = -164.880381 (converged)
AIC = 429.760762
BIC = 499.820631

count.K
17 13 

