logL = -47.137972 (converged)
AIC = 424.275945
BIC = 655.473513

count.K
1 11 5 4 9 

