logL = -50.122661 (converged)
AIC = 400.245323
BIC = 610.424930

count.K
7 1 2 7 13 

