logL = -138.282567 (converged)
AIC = 388.565134
BIC = 467.032187

count.K
14 16 

