logL = -77.574082 (converged)
AIC = 329.148165
BIC = 451.052337

count.K
10 10 10 

