logL = -40.929082 (converged)
AIC = 453.858165
BIC = 714.480878

count.K
3 1 5 7 12 2 

