logL = -17.198958 (converged)
AIC = 246.397915
BIC = 394.924838

count.K
5 5 1 19 

