logL = -90.714843 (converged)
AIC = 601.429686
BIC = 895.681136

count.K
2 4 4 6 9 5 

