logL = -22.747073 (converged)
AIC = 189.494145
BIC = 290.380357

count.K
20 7 3 

