logL = -41.590142 (converged)
AIC = 467.180284
BIC = 736.210182

count.K
2 7 13 2 2 4 

