logL = -134.471313 (converged)
AIC = 466.942625
BIC = 605.661166

count.K
13 1 16 

