logL = -82.958262 (not converged)
AIC = 175.916523
BIC = 182.922510

count.K
30 

