logL = -50.974207 (converged)
AIC = 313.948414
BIC = 462.475336

count.K
7 4 11 8 

