logL = -46.441264 (converged)
AIC = 164.882528
BIC = 215.325633

count.K
19 11 

