logL = -20.117421 (converged)
AIC = 330.234842
BIC = 533.408462

count.K
9 10 2 1 8 

