logL = -152.937478 (converged)
AIC = 613.874956
BIC = 829.659352

count.K
12 6 5 7 

