0	tsk_0	(x)	1	:	0.000000	1.000000	0.000000
1	tsk_1	(x)	1	:	0.199114	0.436551	0.364334
2	tsk_2	(x)	1	:	0.000000	1.000000	0.000000
3	tsk_3	(x)	1	:	0.348189	0.436651	0.215160
4	tsk_4	(x)	1	:	0.000000	1.000000	0.000000
5	tsk_5	(x)	1	:	0.154921	0.436522	0.408557
6	tsk_6	(x)	1	:	0.000000	1.000000	0.000000
7	tsk_7	(x)	1	:	0.937586	0.000000	0.062414
8	tsk_8	(x)	1	:	0.000000	1.000000	0.000000
9	tsk_9	(x)	1	:	0.000000	1.000000	0.000000
10	tsk_10	(x)	1	:	0.907057	0.000000	0.092943
11	tsk_11	(x)	1	:	0.616167	0.000000	0.383833
12	tsk_12	(x)	1	:	0.376224	0.436669	0.187107
13	tsk_13	(x)	1	:	0.877352	0.000000	0.122648
14	tsk_14	(x)	1	:	0.907057	0.000000	0.092943
15	tsk_15	(x)	1	:	0.872735	0.000000	0.127265
16	tsk_16	(x)	1	:	0.000000	0.000000	1.000000
17	tsk_17	(x)	1	:	0.934098	0.000000	0.065902
18	tsk_18	(x)	1	:	0.666214	0.000000	0.333786
19	tsk_19	(x)	1	:	0.938532	0.000000	0.061468
20	tsk_20	(x)	1	:	0.000000	0.000000	1.000000
21	tsk_21	(x)	1	:	0.950536	0.000000	0.049464
22	tsk_22	(x)	1	:	0.671868	0.000000	0.328132
23	tsk_23	(x)	1	:	0.932602	0.000000	0.067398
24	tsk_24	(x)	1	:	0.813336	0.000000	0.186664
25	tsk_25	(x)	1	:	0.950913	0.000000	0.049087
26	tsk_26	(x)	1	:	0.891052	0.000000	0.108948
27	tsk_27	(x)	1	:	0.911780	0.000000	0.088220
28	tsk_28	(x)	1	:	0.846257	0.000000	0.153743
29	tsk_29	(x)	1	:	0.907057	0.000000	0.092943
