logL = -41.545419 (converged)
AIC = 303.090837
BIC = 457.222549

count.K
11 7 10 2 

