logL = -23.980307 (converged)
AIC = 337.960614
BIC = 541.134235

count.K
2 8 2 13 5 

