logL = -2.772884 (converged)
AIC = 329.545768
BIC = 556.539743

count.K
12 5 2 1 5 5 

