logL = -23.878012 (converged)
AIC = 317.756025
BIC = 506.917672

count.K
4 5 5 11 5 

