logL = -107.803674 (converged)
AIC = 555.607349
BIC = 793.810904

count.K
5 12 3 8 2 

