0	tsk_0	(x)	1	:	0.000000	1.000000	0.000000	0.000000	0.000000	0.000000
1	tsk_1	(x)	1	:	0.292422	0.456476	0.251102	0.000000	0.000000	0.000000
2	tsk_2	(x)	1	:	0.379263	0.295544	0.325193	0.000000	0.000000	0.000000
3	tsk_3	(x)	1	:	0.000000	0.000000	1.000000	0.000000	0.000000	0.000000
4	tsk_4	(x)	1	:	0.000000	0.476457	0.523543	0.000000	0.000000	0.000000
5	tsk_5	(x)	1	:	1.000000	0.000000	0.000000	0.000000	0.000000	0.000000
6	tsk_6	(x)	1	:	0.000000	1.000000	0.000000	0.000000	0.000000	0.000000
7	tsk_7	(x)	1	:	0.000000	0.312288	0.687712	0.000000	0.000000	0.000000
8	tsk_8	(x)	1	:	0.380007	0.295148	0.324845	0.000000	0.000000	0.000000
9	tsk_9	(x)	1	:	0.000000	0.312045	0.687955	0.000000	0.000000	0.000000
10	tsk_10	(x)	1	:	0.000000	0.000000	1.000000	0.000000	0.000000	0.000000
11	tsk_11	(x)	1	:	0.563731	0.436269	0.000000	0.000000	0.000000	0.000000
12	tsk_12	(x)	1	:	0.366809	0.000000	0.633190	0.000000	0.000000	0.000000
13	tsk_13	(x)	1	:	0.441453	0.175186	0.383361	0.000000	0.000000	0.000000
14	tsk_14	(x)	1	:	0.284990	0.223689	0.491320	0.000000	0.000000	0.000000
15	tsk_15	(x)	1	:	0.224809	0.174374	0.155918	0.000000	0.444898	0.000002
16	tsk_16	(x)	1	:	0.212037	0.000000	0.000000	0.000000	0.000000	0.787962
17	tsk_17	(x)	1	:	0.000000	0.000000	1.000000	0.000000	0.000000	0.000000
18	tsk_18	(x)	1	:	0.285562	0.223302	0.491136	0.000000	0.000000	0.000000
19	tsk_19	(x)	1	:	0.000000	0.475657	0.524343	0.000000	0.000000	0.000000
20	tsk_20	(x)	1	:	0.000000	0.000000	0.000000	0.000000	1.000000	0.000000
21	tsk_21	(x)	1	:	0.000000	0.000000	0.000000	0.000000	1.000000	0.000000
22	tsk_22	(x)	1	:	0.213239	0.000000	0.000000	0.000000	0.000000	0.786760
23	tsk_23	(x)	1	:	0.000000	0.000000	0.000000	0.000000	1.000000	0.000000
24	tsk_24	(x)	1	:	0.000000	0.000000	0.000000	0.000000	1.000000	0.000000
25	tsk_25	(x)	1	:	0.061705	0.076839	0.073454	0.000000	0.000000	0.788003
26	tsk_26	(x)	1	:	0.000000	0.107146	0.105374	0.000001	0.000087	0.787392
27	tsk_27	(x)	1	:	0.000000	0.290876	0.264225	0.000000	0.444898	0.000001
28	tsk_28	(x)	1	:	0.062129	0.000000	0.150549	0.000000	0.000000	0.787323
29	tsk_29	(x)	1	:	0.000000	0.001198	0.000000	0.993649	0.000000	0.005153
