logL = -44.383340 (converged)
AIC = 244.766680
BIC = 354.060076

count.K
11 5 14 

