logL = -78.699148 (converged)
AIC = 441.398297
BIC = 640.368325

count.K
4 7 11 8 

