logL = -83.696428 (converged)
AIC = 341.392856
BIC = 463.297028

count.K
16 12 2 

