logL = -90.762348 (converged)
AIC = 531.524697
BIC = 776.734239

count.K
10 15 1 3 1 

