0	tsk_0	(x)	1	:	0.000000	0.804104	0.000000	0.000000	0.195896	0.000000
1	tsk_1	(x)	1	:	0.000000	0.898946	0.000000	0.000000	0.101054	0.000000
2	tsk_2	(x)	1	:	0.000000	0.726080	0.000000	0.000000	0.273920	0.000000
3	tsk_3	(x)	1	:	0.000000	0.686305	0.000000	0.000005	0.313689	0.000000
4	tsk_4	(x)	1	:	0.000000	0.001413	0.998565	0.000022	0.000000	0.000000
5	tsk_5	(x)	1	:	0.000000	0.000752	0.986848	0.000020	0.012356	0.000024
6	tsk_6	(x)	1	:	0.000000	0.666486	0.000000	0.000002	0.333513	0.000000
7	tsk_7	(x)	1	:	0.000000	0.359390	0.000000	0.000000	0.640610	0.000000
8	tsk_8	(x)	1	:	0.000000	0.551646	0.000000	0.000000	0.448354	0.000000
9	tsk_9	(x)	1	:	0.000000	0.589385	0.000000	0.000000	0.410615	0.000000
10	tsk_10	(x)	1	:	0.000000	0.807158	0.000000	0.000000	0.192842	0.000000
11	tsk_11	(x)	1	:	0.000000	0.297158	0.000000	0.000000	0.702842	0.000000
12	tsk_12	(x)	1	:	0.000000	0.000000	0.000000	0.000000	1.000000	0.000000
13	tsk_13	(x)	1	:	0.000000	0.479411	0.000000	0.000000	0.520589	0.000000
14	tsk_14	(x)	1	:	0.000000	0.100198	0.000000	0.000000	0.899802	0.000000
15	tsk_15	(x)	1	:	0.000000	0.559923	0.000000	0.000001	0.440076	0.000000
16	tsk_16	(x)	1	:	0.000000	0.804999	0.000000	0.000000	0.195001	0.000000
17	tsk_17	(x)	1	:	0.000000	0.995331	0.000000	0.000005	0.004664	0.000000
18	tsk_18	(x)	1	:	0.000000	0.785905	0.000000	0.000000	0.214095	0.000000
19	tsk_19	(x)	1	:	0.000000	0.013017	0.000180	0.983024	0.003773	0.000007
20	tsk_20	(x)	1	:	1.000000	0.000000	0.000000	0.000000	0.000000	0.000000
21	tsk_21	(x)	1	:	0.500030	0.058359	0.000000	0.000000	0.441611	0.000000
22	tsk_22	(x)	1	:	0.499913	0.401337	0.000000	0.000000	0.098750	0.000000
23	tsk_23	(x)	1	:	1.000000	0.000000	0.000000	0.000000	0.000000	0.000000
24	tsk_24	(x)	1	:	0.500026	0.123091	0.000000	0.000000	0.376883	0.000000
25	tsk_25	(x)	1	:	0.000000	0.004700	0.000039	0.000007	0.000242	0.995011
26	tsk_26	(x)	1	:	1.000000	0.000000	0.000000	0.000000	0.000000	0.000000
27	tsk_27	(x)	1	:	1.000000	0.000000	0.000000	0.000000	0.000000	0.000000
28	tsk_28	(x)	1	:	0.500054	0.000000	0.000000	0.000000	0.499946	0.000000
29	tsk_29	(x)	1	:	1.000000	0.000000	0.000000	0.000000	0.000000	0.000000
