logL = -16.630411 (converged)
AIC = 109.260822
BIC = 162.506322

count.K
23 7 

