logL = -87.210799 (converged)
AIC = 570.421598
BIC = 847.858680

count.K
8 2 5 9 5 1 

