logL = -94.702667 (converged)
AIC = 559.405335
BIC = 818.626850

count.K
4 7 11 5 3 

