0	tsk_0	(x)	1	:	0.000000	0.479591	0.520409	0.000000
1	tsk_1	(x)	1	:	0.000000	0.008024	0.526355	0.465621
2	tsk_2	(x)	1	:	0.000000	0.642420	0.357580	0.000000
3	tsk_3	(x)	1	:	0.000000	0.000000	0.000000	1.000000
4	tsk_4	(x)	1	:	0.000000	0.000000	0.534388	0.465612
5	tsk_5	(x)	1	:	0.000000	0.010243	0.450111	0.539646
6	tsk_6	(x)	1	:	0.000000	0.000000	0.000000	1.000000
7	tsk_7	(x)	1	:	0.000000	0.036926	0.497451	0.465624
8	tsk_8	(x)	1	:	0.000000	0.000000	0.000000	1.000000
9	tsk_9	(x)	1	:	0.000000	0.000000	0.000000	1.000000
10	tsk_10	(x)	1	:	0.000000	0.771198	0.228802	0.000000
11	tsk_11	(x)	1	:	0.000000	0.636912	0.363088	0.000000
12	tsk_12	(x)	1	:	0.000000	0.345212	0.654788	0.000000
13	tsk_13	(x)	1	:	0.000000	0.637564	0.362436	0.000000
14	tsk_14	(x)	1	:	0.000000	0.447109	0.552891	0.000000
15	tsk_15	(x)	1	:	0.000000	0.670367	0.329633	0.000000
16	tsk_16	(x)	1	:	0.000000	0.480798	0.519202	0.000000
17	tsk_17	(x)	1	:	0.000000	0.201890	0.798110	0.000000
18	tsk_18	(x)	1	:	0.000000	0.431548	0.568451	0.000000
19	tsk_19	(x)	1	:	0.000000	0.561080	0.438920	0.000000
20	tsk_20	(x)	1	:	0.000000	0.791538	0.208462	0.000000
21	tsk_21	(x)	1	:	0.617985	0.000001	0.379502	0.002513
22	tsk_22	(x)	1	:	0.617941	0.017612	0.361901	0.002546
23	tsk_23	(x)	1	:	0.688682	0.311318	0.000000	0.000000
24	tsk_24	(x)	1	:	0.617811	0.000001	0.379493	0.002696
25	tsk_25	(x)	1	:	0.000000	0.288716	0.711284	0.000000
26	tsk_26	(x)	1	:	0.000000	0.673885	0.326115	0.000000
27	tsk_27	(x)	1	:	0.000000	0.636912	0.363088	0.000000
28	tsk_28	(x)	1	:	0.000000	0.381860	0.618140	0.000000
29	tsk_29	(x)	1	:	0.000000	0.732559	0.267441	0.000000
