logL = -124.807721 (converged)
AIC = 609.615442
BIC = 861.830971

count.K
1 5 5 5 14 

