logL = -16.635543 (converged)
AIC = 357.271086
BIC = 584.265062

count.K
2 2 9 3 6 8 

