0	tsk_0	(x)	1	:	0.000000	1.000000	0.000000	0.000000	0.000000	0.000000
1	tsk_1	(x)	1	:	0.000000	0.500000	0.000000	0.000000	0.000000	0.500000
2	tsk_2	(x)	1	:	0.000669	0.492678	0.007793	0.006198	0.492662	0.000000
3	tsk_3	(x)	1	:	0.000000	0.500000	0.491872	0.000000	0.000000	0.008128
4	tsk_4	(x)	1	:	0.000000	0.000000	0.197724	0.197724	0.500000	0.104552
5	tsk_5	(x)	1	:	0.000000	0.000000	0.000049	0.000056	0.500000	0.499895
6	tsk_6	(x)	1	:	0.000000	1.000000	0.000000	0.000000	0.000000	0.000000
7	tsk_7	(x)	1	:	0.958992	0.041008	0.000000	0.000000	0.000000	0.000000
8	tsk_8	(x)	1	:	1.000000	0.000000	0.000000	0.000000	0.000000	0.000000
9	tsk_9	(x)	1	:	0.000000	0.000000	0.000000	0.000000	1.000000	0.000000
10	tsk_10	(x)	1	:	0.000000	0.000000	0.000000	0.968795	0.000000	0.031205
11	tsk_11	(x)	1	:	0.000000	0.000000	1.000000	0.000000	0.000000	0.000000
12	tsk_12	(x)	1	:	0.000000	0.000000	0.000000	0.000000	0.000000	1.000000
13	tsk_13	(x)	1	:	0.000000	0.000000	0.656886	0.343114	0.000000	0.000000
14	tsk_14	(x)	1	:	0.000000	0.000000	1.000000	0.000000	0.000000	0.000000
15	tsk_15	(x)	1	:	0.000000	0.000000	0.322360	0.677640	0.000000	0.000000
16	tsk_16	(x)	1	:	0.000000	0.000000	0.473667	0.494765	0.000000	0.031568
17	tsk_17	(x)	1	:	0.000000	0.000000	0.000000	0.934425	0.000000	0.065574
18	tsk_18	(x)	1	:	0.000000	0.000000	0.322875	0.677125	0.000000	0.000000
19	tsk_19	(x)	1	:	0.000000	0.000000	0.655628	0.344372	0.000000	0.000000
20	tsk_20	(x)	1	:	0.000000	0.000000	1.000000	0.000000	0.000000	0.000000
21	tsk_21	(x)	1	:	0.000000	0.000000	0.473186	0.494329	0.000000	0.032485
22	tsk_22	(x)	1	:	0.000000	0.000000	1.000000	0.000000	0.000000	0.000000
23	tsk_23	(x)	1	:	0.000000	0.000000	1.000000	0.000000	0.000000	0.000000
24	tsk_24	(x)	1	:	0.000000	0.000000	0.000000	0.000000	0.000000	1.000000
25	tsk_25	(x)	1	:	0.000000	0.000000	0.489074	0.510926	0.000000	0.000000
26	tsk_26	(x)	1	:	0.000000	0.000000	0.457822	0.478247	0.000000	0.063931
27	tsk_27	(x)	1	:	0.000000	0.000000	0.489076	0.510924	0.000000	0.000000
28	tsk_28	(x)	1	:	0.000000	0.000000	1.000000	0.000000	0.000000	0.000000
29	tsk_29	(x)	1	:	0.000000	0.000000	0.000000	0.877104	0.000000	0.122896
