logL = -60.599485 (converged)
AIC = 541.198970
BIC = 835.450420

count.K
10 2 4 6 5 3 

