logL = -46.553129 (converged)
AIC = 441.106258
BIC = 684.914602

count.K
4 4 1 11 6 4 

