logL = -106.169950 (converged)
AIC = 668.339899
BIC = 987.812902

count.K
3 9 1 10 1 6 

