logL = -77.632515 (converged)
AIC = 455.265031
BIC = 665.444638

count.K
15 4 0 11 

