0	tsk_0	(x)	1	:	0.000000	0.000000	0.000000	1.000000	0.000000	0.000000
1	tsk_1	(x)	1	:	0.000000	0.000000	0.623461	0.376539	0.000000	0.000000
2	tsk_2	(x)	1	:	0.000000	0.000000	0.439273	0.560727	0.000000	0.000000
3	tsk_3	(x)	1	:	0.000000	0.190147	0.809853	0.000000	0.000000	0.000000
4	tsk_4	(x)	1	:	0.000000	0.000000	0.000000	1.000000	0.000000	0.000000
5	tsk_5	(x)	1	:	0.000000	0.000000	0.447064	0.552935	0.000000	0.000000
6	tsk_6	(x)	1	:	0.000000	0.000000	0.625028	0.374972	0.000000	0.000000
7	tsk_7	(x)	1	:	0.000000	0.000000	0.440571	0.559429	0.000000	0.000000
8	tsk_8	(x)	1	:	0.000000	0.000000	0.272389	0.727611	0.000000	0.000000
9	tsk_9	(x)	1	:	0.000000	0.000000	0.447424	0.552576	0.000000	0.000000
10	tsk_10	(x)	1	:	0.811570	0.000000	0.001562	0.000530	0.000000	0.186337
11	tsk_11	(x)	1	:	1.000000	0.000000	0.000000	0.000000	0.000000	0.000000
12	tsk_12	(x)	1	:	0.000000	0.000000	0.430230	0.569770	0.000000	0.000000
13	tsk_13	(x)	1	:	0.000000	0.000000	0.442835	0.557165	0.000000	0.000000
14	tsk_14	(x)	1	:	0.000000	0.000000	0.626569	0.373431	0.000000	0.000000
15	tsk_15	(x)	1	:	0.000000	0.000000	0.000000	1.000000	0.000000	0.000000
16	tsk_16	(x)	1	:	0.000000	0.000000	0.000000	1.000000	0.000000	0.000000
17	tsk_17	(x)	1	:	0.000000	0.000000	0.001078	0.000290	0.000000	0.998632
18	tsk_18	(x)	1	:	0.716299	0.000000	0.000000	0.001230	0.000000	0.282471
19	tsk_19	(x)	1	:	0.000000	0.000000	0.619148	0.380852	0.000000	0.000000
20	tsk_20	(x)	1	:	0.000000	0.000000	0.499938	0.000000	0.500062	0.000000
21	tsk_21	(x)	1	:	0.000000	0.000000	0.000000	0.000000	1.000000	0.000000
22	tsk_22	(x)	1	:	0.000000	0.000000	0.000000	0.000000	1.000000	0.000000
23	tsk_23	(x)	1	:	0.000000	1.000000	0.000000	0.000000	0.000000	0.000000
24	tsk_24	(x)	1	:	0.000000	0.463829	0.267613	0.268558	0.000000	0.000000
25	tsk_25	(x)	1	:	0.000000	0.000000	0.000000	0.000000	1.000000	0.000000
26	tsk_26	(x)	1	:	0.000000	0.000000	0.000000	0.500000	0.500000	0.000000
27	tsk_27	(x)	1	:	0.000000	0.000000	0.627253	0.372747	0.000000	0.000000
28	tsk_28	(x)	1	:	0.000000	0.000000	0.629689	0.370311	0.000000	0.000000
29	tsk_29	(x)	1	:	0.000000	0.000000	0.188128	0.311849	0.500023	0.000000
