logL = -126.449365 (converged)
AIC = 364.898731
BIC = 443.365784

count.K
17 13 

