logL = -183.207491 (converged)
AIC = 490.414982
BIC = 577.289220

count.K
16 14 

