logL = -33.802834 (converged)
AIC = 287.605668
BIC = 441.737380

count.K
5 6 10 9 

