logL = -18.558658 (converged)
AIC = 327.117317
BIC = 530.290937

count.K
11 8 2 3 6 

