logL = -46.278583 (converged)
AIC = 476.557166
BIC = 745.587063

count.K
1 8 5 10 5 1 

