logL = -36.776488 (converged)
AIC = 293.552976
BIC = 447.684688

count.K
1 16 5 8 

