0	tsk_0	(x)	1	:	0.186977	0.792292	0.000000	0.000000	0.000000	0.020730
1	tsk_1	(x)	1	:	0.000000	0.968209	0.000000	0.000000	0.000000	0.031790
2	tsk_2	(x)	1	:	0.878154	0.000000	0.000000	0.000000	0.000000	0.121846
3	tsk_3	(x)	1	:	0.263210	0.671624	0.000000	0.000000	0.000000	0.065166
4	tsk_4	(x)	1	:	0.256671	0.716530	0.000000	0.000000	0.000000	0.026800
5	tsk_5	(x)	1	:	0.000000	0.921923	0.000000	0.000000	0.000000	0.078077
6	tsk_6	(x)	1	:	0.362634	0.475884	0.000000	0.000000	0.000000	0.161481
7	tsk_7	(x)	1	:	0.000000	1.000000	0.000000	0.000000	0.000000	0.000000
8	tsk_8	(x)	1	:	0.368020	0.489296	0.000000	0.000000	0.000000	0.142683
9	tsk_9	(x)	1	:	1.000000	0.000000	0.000000	0.000000	0.000000	0.000000
10	tsk_10	(x)	1	:	0.678778	0.279953	0.000000	0.000000	0.000000	0.041268
11	tsk_11	(x)	1	:	0.438008	0.561992	0.000000	0.000000	0.000000	0.000000
12	tsk_12	(x)	1	:	0.982253	0.000000	0.000000	0.000000	0.000000	0.017747
13	tsk_13	(x)	1	:	0.721640	0.000000	0.000000	0.000000	0.000000	0.278360
14	tsk_14	(x)	1	:	0.000000	0.867908	0.000000	0.000000	0.000000	0.132092
15	tsk_15	(x)	1	:	0.000000	0.852616	0.000000	0.000000	0.000000	0.147384
16	tsk_16	(x)	1	:	0.373151	0.502813	0.000000	0.000000	0.000000	0.124036
17	tsk_17	(x)	1	:	0.000000	0.000000	0.000000	0.000000	0.000000	1.000000
18	tsk_18	(x)	1	:	0.000039	0.000000	0.000000	0.999955	0.000000	0.000006
19	tsk_19	(x)	1	:	0.242762	0.645671	0.000000	0.000000	0.000000	0.111567
20	tsk_20	(x)	1	:	0.000000	0.004227	0.989110	0.000000	0.002370	0.004293
21	tsk_21	(x)	1	:	0.230412	0.000000	0.000000	0.000000	0.500000	0.269588
22	tsk_22	(x)	1	:	0.000000	0.000000	0.000000	0.000000	1.000000	0.000000
23	tsk_23	(x)	1	:	0.000000	0.000000	0.991196	0.000000	0.000000	0.008804
24	tsk_24	(x)	1	:	0.000000	0.500000	0.000000	0.000000	0.500000	0.000000
25	tsk_25	(x)	1	:	0.000000	0.000000	0.000000	0.000000	1.000000	0.000000
26	tsk_26	(x)	1	:	0.000000	0.000000	0.000000	0.000000	1.000000	0.000000
27	tsk_27	(x)	1	:	0.000000	0.000000	0.000000	0.000000	1.000000	0.000000
28	tsk_28	(x)	1	:	0.000000	0.000000	0.000000	0.000000	1.000000	0.000000
29	tsk_29	(x)	1	:	0.000219	0.002224	0.990260	0.000000	0.002194	0.005103
