logL = -73.070615 (converged)
AIC = 230.141231
BIC = 288.991521

count.K
11 19 

