logL = -25.905618 (converged)
AIC = 351.811236
BIC = 561.990843

count.K
8 3 3 1 15 

