0	tsk_0	(x)	1	:	0.534032	0.000000	0.000000	0.465968	0.000000
1	tsk_1	(x)	1	:	0.534032	0.000000	0.000000	0.465968	0.000000
2	tsk_2	(x)	1	:	0.000000	0.000000	0.000000	0.000000	1.000000
3	tsk_3	(x)	1	:	0.367450	0.000000	0.000000	0.322170	0.310381
4	tsk_4	(x)	1	:	1.000000	0.000000	0.000000	0.000000	0.000000
5	tsk_5	(x)	1	:	0.000000	0.000000	0.000000	0.511469	0.488531
6	tsk_6	(x)	1	:	0.533552	0.000000	0.000000	0.466448	0.000000
7	tsk_7	(x)	1	:	0.544141	0.000000	0.000000	0.000000	0.455859
8	tsk_8	(x)	1	:	0.000000	0.000000	0.000000	0.510815	0.489185
9	tsk_9	(x)	1	:	0.000000	0.000000	0.000000	1.000000	0.000000
10	tsk_10	(x)	1	:	0.000000	0.000000	0.000000	0.318138	0.681862
11	tsk_11	(x)	1	:	0.000000	0.000000	0.000000	0.333758	0.666241
12	tsk_12	(x)	1	:	0.534232	0.000000	0.000000	0.465768	0.000000
13	tsk_13	(x)	1	:	0.540744	0.000000	0.000000	0.459256	0.000000
14	tsk_14	(x)	1	:	1.000000	0.000000	0.000000	0.000000	0.000000
15	tsk_15	(x)	1	:	0.540273	0.000000	0.000000	0.000000	0.459727
16	tsk_16	(x)	1	:	0.554060	0.000000	0.000000	0.000000	0.445940
17	tsk_17	(x)	1	:	0.364837	0.000000	0.000000	0.322925	0.312238
18	tsk_18	(x)	1	:	0.000000	0.500000	0.500000	0.000000	0.000000
19	tsk_19	(x)	1	:	0.363314	0.000000	0.000000	0.323204	0.313482
20	tsk_20	(x)	1	:	0.000000	0.500000	0.073837	0.426163	0.000000
21	tsk_21	(x)	1	:	0.000000	0.000000	0.000000	0.698823	0.301177
22	tsk_22	(x)	1	:	0.540273	0.000000	0.000000	0.000000	0.459727
23	tsk_23	(x)	1	:	0.000000	0.000000	0.000000	0.511469	0.488531
24	tsk_24	(x)	1	:	0.000000	1.000000	0.000000	0.000000	0.000000
25	tsk_25	(x)	1	:	0.363314	0.000000	0.000000	0.323204	0.313482
26	tsk_26	(x)	1	:	0.000000	1.000000	0.000000	0.000000	0.000000
27	tsk_27	(x)	1	:	0.000000	0.000000	1.000000	0.000000	0.000000
28	tsk_28	(x)	1	:	0.000000	1.000000	0.000000	0.000000	0.000000
29	tsk_29	(x)	1	:	0.368177	0.000000	0.000000	0.000000	0.631823
