logL = -124.293539 (converged)
AIC = 540.587078
BIC = 745.161896

count.K
14 6 6 4 

