logL = -12.408016 (converged)
AIC = 228.816033
BIC = 371.738166

count.K
7 3 7 13 

