logL = -20.606185 (converged)
AIC = 389.212369
BIC = 633.020714

count.K
2 0 7 3 8 10 

