logL = -2.772860 (converged)
AIC = 265.545720
BIC = 447.701380

count.K
1 5 16 0 8 

