logL = -2.772590 (converged)
AIC = 255.545180
BIC = 430.694852

count.K
5 14 5 4 2 

