logL = -54.334933 (converged)
AIC = 552.669866
BIC = 863.735685

count.K
1 9 3 9 0 8 

