logL = -152.445899 (converged)
AIC = 444.891799
BIC = 542.975616

count.K
13 17 

