logL = -96.475677 (converged)
AIC = 484.951353
BIC = 689.526171

count.K
12 2 6 10 

