0	tsk_0	(x)	1	:	0.066921	0.933079	0.000000	0.000000	0.000000
1	tsk_1	(x)	1	:	0.000000	1.000000	0.000000	0.000000	0.000000
2	tsk_2	(x)	1	:	0.035581	0.964419	0.000000	0.000000	0.000000
3	tsk_3	(x)	1	:	0.000000	1.000000	0.000000	0.000000	0.000000
4	tsk_4	(x)	1	:	1.000000	0.000000	0.000000	0.000000	0.000000
5	tsk_5	(x)	1	:	0.000000	0.000000	0.000000	0.000000	1.000000
6	tsk_6	(x)	1	:	0.000000	1.000000	0.000000	0.000000	0.000000
7	tsk_7	(x)	1	:	0.000000	1.000000	0.000000	0.000000	0.000000
8	tsk_8	(x)	1	:	0.036733	0.963267	0.000000	0.000000	0.000000
9	tsk_9	(x)	1	:	0.015099	0.984901	0.000000	0.000000	0.000000
10	tsk_10	(x)	1	:	0.072032	0.927968	0.000000	0.000000	0.000000
11	tsk_11	(x)	1	:	0.024353	0.975647	0.000000	0.000000	0.000000
12	tsk_12	(x)	1	:	0.999985	0.000000	0.000000	0.000000	0.000015
13	tsk_13	(x)	1	:	0.000000	0.000000	0.000000	1.000000	0.000000
14	tsk_14	(x)	1	:	0.000000	0.086368	0.886494	0.027138	0.000000
15	tsk_15	(x)	1	:	0.044457	0.043654	0.905957	0.005931	0.000000
16	tsk_16	(x)	1	:	0.500046	0.000004	0.000000	0.499950	0.000000
17	tsk_17	(x)	1	:	0.000000	0.088115	0.905994	0.005890	0.000000
18	tsk_18	(x)	1	:	0.490897	0.009036	0.000279	0.499788	0.000000
19	tsk_19	(x)	1	:	0.030337	0.969663	0.000000	0.000000	0.000000
20	tsk_20	(x)	1	:	0.013376	0.986624	0.000000	0.000000	0.000000
21	tsk_21	(x)	1	:	0.036042	0.052650	0.911308	0.000000	0.000000
22	tsk_22	(x)	1	:	0.012380	0.987620	0.000000	0.000000	0.000000
23	tsk_23	(x)	1	:	0.000000	1.000000	0.000000	0.000000	0.000000
24	tsk_24	(x)	1	:	1.000000	0.000000	0.000000	0.000000	0.000000
25	tsk_25	(x)	1	:	0.067238	0.932762	0.000000	0.000000	0.000000
26	tsk_26	(x)	1	:	0.016215	0.983785	0.000000	0.000000	0.000000
27	tsk_27	(x)	1	:	0.067238	0.932762	0.000000	0.000000	0.000000
28	tsk_28	(x)	1	:	0.000000	1.000000	0.000000	0.000000	0.000000
29	tsk_29	(x)	1	:	0.000000	0.000000	0.000000	0.000000	1.000000
