logL = -97.431102 (converged)
AIC = 294.862204
BIC = 364.922073

count.K
10 20 

