0	tsk_0	(x)	1	:	0.000000	0.000000	0.000000	0.000000	0.000000	1.000000
1	tsk_1	(x)	1	:	0.000000	0.000000	0.000000	0.000047	0.000000	0.999953
2	tsk_2	(x)	1	:	0.000000	0.000000	0.000000	0.000000	0.000000	1.000000
3	tsk_3	(x)	1	:	0.000000	0.000000	0.000000	0.000000	0.000000	1.000000
4	tsk_4	(x)	1	:	0.000000	0.000000	0.000000	0.000156	0.000000	0.999844
5	tsk_5	(x)	1	:	0.000000	0.019708	0.138898	0.114937	0.351602	0.374854
6	tsk_6	(x)	1	:	0.000000	0.000000	0.000000	0.000074	0.000000	0.999925
7	tsk_7	(x)	1	:	0.000000	0.000132	0.010956	0.000000	0.446339	0.542573
8	tsk_8	(x)	1	:	0.000000	0.000000	0.000000	0.000067	0.000000	0.999933
9	tsk_9	(x)	1	:	0.000000	0.000000	0.000000	0.000000	0.000000	1.000000
10	tsk_10	(x)	1	:	0.000000	0.020322	0.025681	0.489826	0.464172	0.000000
11	tsk_11	(x)	1	:	0.000000	0.000000	0.000933	0.000000	0.999067	0.000000
12	tsk_12	(x)	1	:	0.000000	0.021057	0.050801	0.489448	0.438695	0.000000
13	tsk_13	(x)	1	:	0.000000	0.000000	0.004949	0.000000	0.995051	0.000000
14	tsk_14	(x)	1	:	0.000000	0.000000	0.008215	0.000000	0.991785	0.000000
15	tsk_15	(x)	1	:	0.000000	0.015361	0.016283	0.117303	0.476266	0.374787
16	tsk_16	(x)	1	:	0.000002	0.000000	0.082401	0.499960	0.417637	0.000000
17	tsk_17	(x)	1	:	0.000000	0.000000	0.006145	0.000000	0.993855	0.000000
18	tsk_18	(x)	1	:	0.000000	0.000000	0.012163	0.000000	0.987837	0.000000
19	tsk_19	(x)	1	:	0.000000	0.000000	0.000000	1.000000	0.000000	0.000000
20	tsk_20	(x)	1	:	0.999982	0.000018	0.000000	0.000000	0.000000	0.000000
21	tsk_21	(x)	1	:	1.000000	0.000000	0.000000	0.000000	0.000000	0.000000
22	tsk_22	(x)	1	:	0.000003	0.499845	0.054145	0.000018	0.445988	0.000000
23	tsk_23	(x)	1	:	0.000003	0.999975	0.000008	0.000005	0.000010	0.000000
24	tsk_24	(x)	1	:	0.448271	0.053316	0.023269	0.000000	0.475144	0.000000
25	tsk_25	(x)	1	:	0.311632	0.188287	0.010377	0.000000	0.489704	0.000000
26	tsk_26	(x)	1	:	0.449998	0.549992	0.000007	0.000000	0.000003	0.000000
27	tsk_27	(x)	1	:	1.000000	0.000000	0.000000	0.000000	0.000000	0.000000
28	tsk_28	(x)	1	:	0.449171	0.051414	0.108656	0.000000	0.390759	0.000000
29	tsk_29	(x)	1	:	0.449935	0.550065	0.000000	0.000000	0.000000	0.000000
