logL = -18.884531 (converged)
AIC = 373.769062
BIC = 609.170222

count.K
2 3 6 14 2 3 

