logL = -83.392234 (converged)
AIC = 334.784468
BIC = 452.485048

count.K
10 10 10 

