logL = -106.193938 (converged)
AIC = 304.387876
BIC = 368.842956

count.K
11 19 

