0	tsk_0	(x)	1	:	1.000000	0.000000	0.000000	0.000000	0.000000
1	tsk_1	(x)	1	:	1.000000	0.000000	0.000000	0.000000	0.000000
2	tsk_2	(x)	1	:	0.000000	0.000000	1.000000	0.000000	0.000000
3	tsk_3	(x)	1	:	1.000000	0.000000	0.000000	0.000000	0.000000
4	tsk_4	(x)	1	:	0.000016	0.000000	0.999984	0.000000	0.000000
5	tsk_5	(x)	1	:	0.000000	0.000000	1.000000	0.000000	0.000000
6	tsk_6	(x)	1	:	1.000000	0.000000	0.000000	0.000000	0.000000
7	tsk_7	(x)	1	:	0.000021	0.000000	0.999979	0.000000	0.000000
8	tsk_8	(x)	1	:	0.000000	0.000000	1.000000	0.000000	0.000000
9	tsk_9	(x)	1	:	0.000000	0.000000	1.000000	0.000000	0.000000
10	tsk_10	(x)	1	:	0.000000	0.262679	0.000000	0.000000	0.737321
11	tsk_11	(x)	1	:	0.000000	0.000000	0.000000	0.729584	0.270416
12	tsk_12	(x)	1	:	0.000000	1.000000	0.000000	0.000000	0.000000
13	tsk_13	(x)	1	:	0.328694	0.423183	0.000000	0.248123	0.000000
14	tsk_14	(x)	1	:	1.000000	0.000000	0.000000	0.000000	0.000000
15	tsk_15	(x)	1	:	0.500244	0.000000	0.000000	0.000000	0.499756
16	tsk_16	(x)	1	:	0.000000	0.604932	0.000000	0.000000	0.395068
17	tsk_17	(x)	1	:	0.000000	0.000000	0.000003	0.000000	0.999997
18	tsk_18	(x)	1	:	1.000000	0.000000	0.000000	0.000000	0.000000
19	tsk_19	(x)	1	:	0.327121	0.000000	0.000000	0.250815	0.422064
20	tsk_20	(x)	1	:	0.000000	0.270807	0.000000	0.729193	0.000000
21	tsk_21	(x)	1	:	0.000000	0.439634	0.000000	0.000000	0.560366
22	tsk_22	(x)	1	:	0.501148	0.000000	0.000000	0.000000	0.498852
23	tsk_23	(x)	1	:	0.000000	0.437312	0.000007	0.000000	0.562681
24	tsk_24	(x)	1	:	0.000000	0.436183	0.000000	0.000000	0.563817
25	tsk_25	(x)	1	:	1.000000	0.000000	0.000000	0.000000	0.000000
26	tsk_26	(x)	1	:	0.000001	0.539348	0.460650	0.000000	0.000000
27	tsk_27	(x)	1	:	0.000002	0.539395	0.460603	0.000001	0.000000
28	tsk_28	(x)	1	:	0.499902	0.500098	0.000000	0.000000	0.000000
29	tsk_29	(x)	1	:	0.499854	0.000000	0.000000	0.000000	0.500146
