logL = -22.801492 (converged)
AIC = 113.602984
BIC = 161.243695

count.K
19 11 

