logL = -94.744427 (converged)
AIC = 645.488853
BIC = 964.961856

count.K
8 4 1 6 8 3 

