logL = -19.580444 (converged)
AIC = 299.160888
BIC = 481.316548

count.K
9 6 6 2 7 

