logL = -198.790528 (converged)
AIC = 697.581056
BIC = 907.760663

count.K
12 6 3 9 

