logL = -50.624554 (converged)
AIC = 441.249107
BIC = 679.452662

count.K
2 8 2 9 9 

