logL = -118.534748 (converged)
AIC = 505.069496
BIC = 692.829945

count.K
9 2 13 6 

