logL = -36.675351 (converged)
AIC = 469.350702
BIC = 746.787784

count.K
11 1 5 4 7 2 

