0	tsk_0	(x)	1	:	0.000000	0.000000	0.449434	0.550566
1	tsk_1	(x)	1	:	0.000000	0.000000	0.495737	0.504263
2	tsk_2	(x)	1	:	0.000000	0.000000	0.497001	0.502999
3	tsk_3	(x)	1	:	0.000000	0.000000	0.497065	0.502935
4	tsk_4	(x)	1	:	0.000000	0.000000	0.624467	0.375533
5	tsk_5	(x)	1	:	0.000000	0.000000	0.314957	0.685043
6	tsk_6	(x)	1	:	0.000000	0.000000	0.622754	0.377246
7	tsk_7	(x)	1	:	0.000000	0.000000	0.183610	0.816390
8	tsk_8	(x)	1	:	0.000000	0.000000	0.275108	0.724892
9	tsk_9	(x)	1	:	0.000000	0.000000	0.367788	0.632212
10	tsk_10	(x)	1	:	0.000000	0.000000	0.497205	0.502795
11	tsk_11	(x)	1	:	0.000000	0.000000	0.276632	0.723368
12	tsk_12	(x)	1	:	0.000000	0.000000	0.496852	0.503147
13	tsk_13	(x)	1	:	0.000000	0.000000	0.497133	0.502867
14	tsk_14	(x)	1	:	0.356012	0.000001	0.346772	0.297214
15	tsk_15	(x)	1	:	0.000000	0.000000	0.752678	0.247322
16	tsk_16	(x)	1	:	0.000000	0.000000	1.000000	0.000000
17	tsk_17	(x)	1	:	0.000000	0.000000	0.326295	0.673705
18	tsk_18	(x)	1	:	0.000000	0.000000	0.570991	0.429009
19	tsk_19	(x)	1	:	0.000000	0.000000	0.367097	0.632903
20	tsk_20	(x)	1	:	0.000003	0.999997	0.000000	0.000000
21	tsk_21	(x)	1	:	0.000000	0.997722	0.002204	0.000074
22	tsk_22	(x)	1	:	0.478461	0.000000	0.390876	0.130663
23	tsk_23	(x)	1	:	0.545819	0.000000	0.190062	0.264119
24	tsk_24	(x)	1	:	0.107836	0.000000	0.667409	0.224755
25	tsk_25	(x)	1	:	0.545819	0.000000	0.332602	0.121580
26	tsk_26	(x)	1	:	0.000005	0.817756	0.100650	0.081589
27	tsk_27	(x)	1	:	0.478461	0.000000	0.244969	0.276570
28	tsk_28	(x)	1	:	1.000000	0.000000	0.000000	0.000000
29	tsk_29	(x)	1	:	1.000000	0.000000	0.000000	0.000000
