logL = -101.870832 (converged)
AIC = 323.741664
BIC = 407.813507

count.K
25 5 

