logL = -176.031201 (converged)
AIC = 684.062402
BIC = 916.661167

count.K
10 9 1 10 

