logL = -157.127536 (converged)
AIC = 426.255073
BIC = 504.722126

count.K
22 8 

