logL = -78.800306 (converged)
AIC = 245.600612
BIC = 307.253297

count.K
10 20 

