logL = -117.107098 (converged)
AIC = 584.214195
BIC = 829.423737

count.K
4 6 9 9 2 

