logL = -30.200646 (converged)
AIC = 272.401292
BIC = 420.928215

count.K
4 10 6 10 

