logL = -162.479990 (converged)
AIC = 428.959979
BIC = 501.822243

count.K
18 12 

