logL = -27.136571 (converged)
AIC = 374.273142
BIC = 598.464724

count.K
1 8 1 1 19 

