logL = -90.547791 (converged)
AIC = 349.095581
BIC = 466.796161

count.K
15 13 2 

