logL = -125.960687 (converged)
AIC = 551.921374
BIC = 762.100981

count.K
0 10 10 10 

