logL = -5.500167 (converged)
AIC = 199.000333
BIC = 330.712887

count.K
8 2 5 15 

