logL = -134.025116 (converged)
AIC = 454.050231
BIC = 584.361588

count.K
9 6 15 

