0	tsk_0	(x)	1	:	0.000000	0.034778	0.000018	0.000000	0.965204
1	tsk_1	(x)	1	:	0.000000	0.034399	0.000019	0.000000	0.965582
2	tsk_2	(x)	1	:	0.000000	0.033358	0.000022	0.000000	0.966621
3	tsk_3	(x)	1	:	0.000002	0.135782	0.000000	0.864216	0.000000
4	tsk_4	(x)	1	:	0.000000	0.035805	0.000014	0.000000	0.964181
5	tsk_5	(x)	1	:	0.000003	0.068961	0.000000	0.931037	0.000000
6	tsk_6	(x)	1	:	0.000000	0.033617	0.000021	0.000000	0.966362
7	tsk_7	(x)	1	:	0.000002	0.063504	0.000000	0.936495	0.000000
8	tsk_8	(x)	1	:	0.000000	0.033855	0.000020	0.000000	0.966125
9	tsk_9	(x)	1	:	0.000004	0.146732	0.000000	0.853264	0.000000
10	tsk_10	(x)	1	:	0.000004	0.174020	0.000000	0.825975	0.000000
11	tsk_11	(x)	1	:	0.000003	0.134567	0.000000	0.865429	0.000000
12	tsk_12	(x)	1	:	0.358192	0.020441	0.000000	0.621367	0.000000
13	tsk_13	(x)	1	:	0.000004	0.193107	0.000000	0.806890	0.000000
14	tsk_14	(x)	1	:	0.000000	0.058374	0.000000	0.941625	0.000000
15	tsk_15	(x)	1	:	0.627633	0.021136	0.000000	0.351231	0.000000
16	tsk_16	(x)	1	:	0.000003	0.087957	0.000000	0.912040	0.000000
17	tsk_17	(x)	1	:	0.000005	0.110105	0.000000	0.889890	0.000000
18	tsk_18	(x)	1	:	0.000003	0.192808	0.000000	0.807189	0.000000
19	tsk_19	(x)	1	:	0.000007	0.164376	0.000000	0.835617	0.000000
20	tsk_20	(x)	1	:	0.000000	0.000000	1.000000	0.000000	0.000000
21	tsk_21	(x)	1	:	0.000000	0.000000	1.000000	0.000000	0.000000
22	tsk_22	(x)	1	:	0.000000	0.000000	1.000000	0.000000	0.000000
23	tsk_23	(x)	1	:	0.000000	0.000000	1.000000	0.000000	0.000000
24	tsk_24	(x)	1	:	0.000000	0.000000	1.000000	0.000000	0.000000
25	tsk_25	(x)	1	:	0.000000	0.000000	1.000000	0.000000	0.000000
26	tsk_26	(x)	1	:	0.000000	0.000000	1.000000	0.000000	0.000000
27	tsk_27	(x)	1	:	0.000000	0.000000	1.000000	0.000000	0.000000
28	tsk_28	(x)	1	:	0.000000	0.000000	1.000000	0.000000	0.000000
29	tsk_29	(x)	1	:	0.000000	0.000000	1.000000	0.000000	0.000000
