logL = -48.213291 (converged)
AIC = 456.426582
BIC = 708.642111

count.K
5 8 11 2 4 

