logL = -43.795609 (converged)
AIC = 261.591219
BIC = 383.495391

count.K
9 17 4 

