logL = -63.730877 (converged)
AIC = 283.461755
BIC = 392.755151

count.K
7 7 16 

