0	tsk_0	(x)	1	:	0.000000	1.000000	0.000000	0.000000	0.000000	0.000000
1	tsk_1	(x)	1	:	0.000000	0.000000	0.000000	0.499952	0.000000	0.500048
2	tsk_2	(x)	1	:	0.000000	0.000000	0.000000	0.499963	0.000000	0.500037
3	tsk_3	(x)	1	:	0.000000	0.000000	0.499974	0.000000	0.000000	0.500026
4	tsk_4	(x)	1	:	0.000000	0.000000	0.000000	0.000000	0.000000	1.000000
5	tsk_5	(x)	1	:	0.000000	0.000000	0.000000	0.499987	0.000000	0.500013
6	tsk_6	(x)	1	:	0.000000	0.000000	0.000000	0.999998	0.000000	0.000002
7	tsk_7	(x)	1	:	0.000000	0.000000	0.000000	0.499988	0.000000	0.500012
8	tsk_8	(x)	1	:	0.000000	0.000000	0.000000	0.000000	0.000000	1.000000
9	tsk_9	(x)	1	:	0.000000	0.000000	0.000000	0.499958	0.000000	0.500042
10	tsk_10	(x)	1	:	0.000000	0.000000	0.000000	0.000000	1.000000	0.000000
11	tsk_11	(x)	1	:	0.000000	0.000000	0.000000	0.000000	1.000000	0.000000
12	tsk_12	(x)	1	:	0.000310	0.000000	0.552564	0.000000	0.447126	0.000000
13	tsk_13	(x)	1	:	0.000000	0.000000	0.000000	0.000000	1.000000	0.000000
14	tsk_14	(x)	1	:	0.000000	0.000000	0.000000	0.000000	1.000000	0.000000
15	tsk_15	(x)	1	:	0.000000	0.000000	0.000000	0.000000	1.000000	0.000000
16	tsk_16	(x)	1	:	0.000282	0.000000	0.552578	0.000000	0.447140	0.000000
17	tsk_17	(x)	1	:	0.000000	0.000000	0.422006	0.000000	0.577994	0.000000
18	tsk_18	(x)	1	:	0.000000	0.000005	0.000000	0.461899	0.534892	0.003205
19	tsk_19	(x)	1	:	0.000000	0.000000	0.000000	0.000000	1.000000	0.000000
20	tsk_20	(x)	1	:	1.000000	0.000000	0.000000	0.000000	0.000000	0.000000
21	tsk_21	(x)	1	:	0.997552	0.000000	0.002446	0.000000	0.000001	0.000000
22	tsk_22	(x)	1	:	0.999996	0.000000	0.000004	0.000000	0.000000	0.000000
23	tsk_23	(x)	1	:	0.663406	0.000000	0.000019	0.000000	0.336575	0.000000
24	tsk_24	(x)	1	:	1.000000	0.000000	0.000000	0.000000	0.000000	0.000000
25	tsk_25	(x)	1	:	0.000000	0.000000	1.000000	0.000000	0.000000	0.000000
26	tsk_26	(x)	1	:	0.358233	0.000000	0.641767	0.000000	0.000000	0.000000
27	tsk_27	(x)	1	:	0.599746	0.000000	0.400254	0.000000	0.000000	0.000000
28	tsk_28	(x)	1	:	0.599746	0.000000	0.400254	0.000000	0.000000	0.000000
29	tsk_29	(x)	1	:	0.999023	0.000000	0.000976	0.000000	0.000001	0.000000
