0	tsk_0	(x)	1	:	0.000000	0.000000	0.000000	0.808897	0.191103	0.000000
1	tsk_1	(x)	1	:	0.000000	0.000000	0.000000	0.652609	0.347391	0.000000
2	tsk_2	(x)	1	:	0.000000	0.000000	0.000000	0.795467	0.204533	0.000000
3	tsk_3	(x)	1	:	0.000000	0.000000	0.000000	0.886764	0.113236	0.000000
4	tsk_4	(x)	1	:	0.000000	0.000000	0.000000	0.856935	0.143065	0.000000
5	tsk_5	(x)	1	:	0.000000	0.000000	0.000000	1.000000	0.000000	0.000000
6	tsk_6	(x)	1	:	0.000000	0.000000	0.000000	0.658101	0.341899	0.000000
7	tsk_7	(x)	1	:	0.000000	0.000000	0.000000	0.786624	0.213376	0.000000
8	tsk_8	(x)	1	:	0.000000	0.000000	0.000000	0.891008	0.108992	0.000000
9	tsk_9	(x)	1	:	0.000000	0.000000	0.000000	0.882750	0.117250	0.000000
10	tsk_10	(x)	1	:	0.000000	0.000000	0.375492	0.170922	0.453585	0.000000
11	tsk_11	(x)	1	:	0.000000	0.000000	0.375045	0.179394	0.445560	0.000000
12	tsk_12	(x)	1	:	0.000000	0.000000	0.375044	0.167951	0.457005	0.000000
13	tsk_13	(x)	1	:	0.000000	0.000000	0.000000	0.791160	0.208840	0.000000
14	tsk_14	(x)	1	:	0.000000	0.000001	0.375015	0.201002	0.423982	0.000000
15	tsk_15	(x)	1	:	0.000000	0.000000	0.000000	0.015058	0.000445	0.984496
16	tsk_16	(x)	1	:	0.000000	0.000000	0.375056	0.230438	0.394505	0.000000
17	tsk_17	(x)	1	:	0.000000	0.000000	0.375053	0.170178	0.454769	0.000000
18	tsk_18	(x)	1	:	0.000000	0.000000	0.000000	0.000000	1.000000	0.000000
19	tsk_19	(x)	1	:	0.000000	0.000000	0.375095	0.389886	0.235019	0.000000
20	tsk_20	(x)	1	:	0.000063	0.995059	0.004873	0.000005	0.000000	0.000000
21	tsk_21	(x)	1	:	0.000000	0.000005	0.999995	0.000000	0.000000	0.000000
22	tsk_22	(x)	1	:	0.000000	0.000005	0.999995	0.000000	0.000000	0.000000
23	tsk_23	(x)	1	:	0.000000	0.000000	1.000000	0.000000	0.000000	0.000000
24	tsk_24	(x)	1	:	0.000000	0.000005	0.999995	0.000000	0.000000	0.000000
25	tsk_25	(x)	1	:	0.000000	0.000005	0.999995	0.000000	0.000000	0.000000
26	tsk_26	(x)	1	:	0.845520	0.000004	0.154475	0.000000	0.000000	0.000000
27	tsk_27	(x)	1	:	0.000000	0.000000	1.000000	0.000000	0.000000	0.000000
28	tsk_28	(x)	1	:	0.000000	0.000000	1.000000	0.000000	0.000000	0.000000
29	tsk_29	(x)	1	:	0.844546	0.000006	0.155448	0.000000	0.000000	0.000000
