logL = -68.473570 (converged)
AIC = 526.947139
BIC = 800.180629

count.K
17 3 1 6 3 

