logL = -86.386268 (converged)
AIC = 562.772536
BIC = 836.006025

count.K
9 9 4 1 7 

