logL = -34.659881 (converged)
AIC = 273.319761
BIC = 416.241894

count.K
10 9 6 5 

