0	tsk_0	(x)	1	:	0.000000	0.000000	0.000000	1.000000
1	tsk_1	(x)	1	:	0.000000	0.000000	0.000000	1.000000
2	tsk_2	(x)	1	:	0.000000	1.000000	0.000000	0.000000
3	tsk_3	(x)	1	:	0.218138	0.500603	0.281259	0.000000
4	tsk_4	(x)	1	:	0.003052	0.506539	0.053772	0.436636
5	tsk_5	(x)	1	:	0.000000	1.000000	0.000000	0.000000
6	tsk_6	(x)	1	:	0.306030	0.500827	0.193143	0.000000
7	tsk_7	(x)	1	:	0.495504	0.000003	0.504493	0.000000
8	tsk_8	(x)	1	:	0.000521	0.000000	0.477320	0.522158
9	tsk_9	(x)	1	:	0.167111	0.500468	0.332422	0.000000
10	tsk_10	(x)	1	:	0.329264	0.000003	0.670733	0.000000
11	tsk_11	(x)	1	:	0.492879	0.000002	0.507119	0.000000
12	tsk_12	(x)	1	:	0.072838	0.500217	0.426945	0.000000
13	tsk_13	(x)	1	:	0.374807	0.000001	0.625192	0.000000
14	tsk_14	(x)	1	:	0.289705	0.000002	0.710293	0.000000
15	tsk_15	(x)	1	:	0.476107	0.000000	0.001834	0.522058
16	tsk_16	(x)	1	:	0.417819	0.000001	0.582180	0.000000
17	tsk_17	(x)	1	:	0.141728	0.500401	0.357870	0.000000
18	tsk_18	(x)	1	:	0.476602	0.000000	0.001339	0.522058
19	tsk_19	(x)	1	:	0.102998	0.500298	0.396705	0.000000
20	tsk_20	(x)	1	:	0.376703	0.000002	0.623296	0.000000
21	tsk_21	(x)	1	:	0.281396	0.000002	0.718602	0.000000
22	tsk_22	(x)	1	:	0.630201	0.000003	0.369796	0.000000
23	tsk_23	(x)	1	:	0.330851	0.000003	0.669146	0.000000
24	tsk_24	(x)	1	:	0.490910	0.000002	0.509088	0.000000
25	tsk_25	(x)	1	:	0.225156	0.000001	0.774843	0.000000
26	tsk_26	(x)	1	:	0.663713	0.000004	0.336283	0.000000
27	tsk_27	(x)	1	:	0.423692	0.000000	0.000288	0.576020
28	tsk_28	(x)	1	:	0.229847	0.000003	0.770150	0.000000
29	tsk_29	(x)	1	:	0.244123	0.000001	0.755876	0.000000
