logL = -65.563468 (converged)
AIC = 215.126937
BIC = 273.977227

count.K
12 18 

