logL = -77.341288 (converged)
AIC = 322.682576
BIC = 440.383156

count.K
2 16 12 

