logL = -79.751997 (converged)
AIC = 357.503994
BIC = 496.222535

count.K
21 5 4 

