logL = -191.979743 (converged)
AIC = 515.959485
BIC = 608.438513

count.K
16 14 

