logL = -30.053291 (converged)
AIC = 360.106582
BIC = 570.286190

count.K
12 1 7 3 7 

