logL = -22.050341 (converged)
AIC = 188.100682
BIC = 288.986894

count.K
3 2 25 

