logL = -186.074468 (converged)
AIC = 480.148936
BIC = 555.813594

count.K
20 10 

