logL = -90.275771 (converged)
AIC = 342.551542
BIC = 456.048530

count.K
6 11 13 

