logL = -22.274022 (converged)
AIC = 440.548044
BIC = 717.985126

count.K
2 8 0 6 8 6 

