logL = -10.549421 (converged)
AIC = 291.098841
BIC = 480.260488

count.K
2 5 8 2 13 

