0	tsk_0	(x)	1	:	0.000000	0.634178	0.000000	0.000000	0.233940	0.131882
1	tsk_1	(x)	1	:	0.000000	0.531668	0.176417	0.000000	0.291915	0.000000
2	tsk_2	(x)	1	:	0.000000	0.295307	0.194808	0.000000	0.324075	0.185810
3	tsk_3	(x)	1	:	0.000000	0.000000	0.276650	0.000000	0.461871	0.261479
4	tsk_4	(x)	1	:	0.000000	0.606761	0.393239	0.000000	0.000000	0.000000
5	tsk_5	(x)	1	:	0.000000	0.000000	0.000000	0.000000	0.000000	1.000000
6	tsk_6	(x)	1	:	0.000000	0.474976	0.000000	0.000000	0.525024	0.000000
7	tsk_7	(x)	1	:	0.000000	0.340711	0.446690	0.000000	0.000000	0.212599
8	tsk_8	(x)	1	:	0.000000	0.249068	0.164764	0.000000	0.273768	0.312400
9	tsk_9	(x)	1	:	0.000000	0.293592	0.383465	0.000000	0.322943	0.000000
10	tsk_10	(x)	1	:	0.000000	0.000000	0.678150	0.000000	0.000000	0.321850
11	tsk_11	(x)	1	:	0.000000	0.366683	0.000000	0.000000	0.403031	0.230286
12	tsk_12	(x)	1	:	0.000000	0.000000	1.000000	0.000000	0.000000	0.000000
13	tsk_13	(x)	1	:	1.000000	0.000000	0.000000	0.000000	0.000000	0.000000
14	tsk_14	(x)	1	:	0.497301	0.000150	0.001747	0.498208	0.000000	0.002594
15	tsk_15	(x)	1	:	0.497264	0.001236	0.001042	0.498161	0.002297	0.000000
16	tsk_16	(x)	1	:	0.499998	0.000000	0.000000	0.000000	0.376103	0.123899
17	tsk_17	(x)	1	:	0.499560	0.000000	0.000000	0.500439	0.000000	0.000000
18	tsk_18	(x)	1	:	0.499998	0.063328	0.365701	0.000000	0.070974	0.000000
19	tsk_19	(x)	1	:	0.000000	0.249159	0.165323	0.000000	0.275059	0.310459
20	tsk_20	(x)	1	:	0.000000	0.366443	0.000000	0.000000	0.404469	0.229088
21	tsk_21	(x)	1	:	0.499560	0.000000	0.000000	0.500439	0.000000	0.000000
22	tsk_22	(x)	1	:	0.000000	0.000000	0.000000	0.000000	0.369826	0.630174
23	tsk_23	(x)	1	:	0.000000	0.000000	0.358550	0.000000	0.300975	0.340476
24	tsk_24	(x)	1	:	0.000000	0.000000	0.000000	0.000000	0.467254	0.532746
25	tsk_25	(x)	1	:	0.000000	0.295049	0.195786	0.000000	0.323885	0.185280
26	tsk_26	(x)	1	:	0.000000	0.249159	0.165323	0.000000	0.275059	0.310459
27	tsk_27	(x)	1	:	0.000000	0.454308	0.295373	0.000000	0.250319	0.000000
28	tsk_28	(x)	1	:	0.000000	0.000000	0.316136	0.000000	0.531440	0.152424
29	tsk_29	(x)	1	:	0.000000	0.237363	0.000000	0.359258	0.268392	0.134988
