logL = -20.242771 (converged)
AIC = 172.485542
BIC = 264.964569

count.K
7 16 7 

