logL = -18.436812 (converged)
AIC = 384.873623
BIC = 628.681968

count.K
5 6 3 5 4 7 

