logL = -110.986518 (converged)
AIC = 401.973036
BIC = 528.080801

count.K
15 5 10 

