logL = -27.686959 (converged)
AIC = 211.373919
BIC = 320.667315

count.K
14 5 11 

