logL = -165.210891 (converged)
AIC = 690.421783
BIC = 942.637311

count.K
13 6 1 6 4 

