logL = -53.018226 (converged)
AIC = 358.036452
BIC = 534.587322

count.K
14 2 5 9 

