0	tsk_0	(x)	1	:	0.000000	0.000000	0.360988	0.279474	0.359538	0.000000
1	tsk_1	(x)	1	:	0.000000	0.000000	0.512046	0.293677	0.194277	0.000000
2	tsk_2	(x)	1	:	0.000000	0.000000	0.453165	0.342574	0.204261	0.000000
3	tsk_3	(x)	1	:	0.000000	0.000000	0.670524	0.271480	0.057997	0.000000
4	tsk_4	(x)	1	:	0.000000	0.000000	0.426849	0.262849	0.310302	0.000000
5	tsk_5	(x)	1	:	0.000000	0.000000	0.181997	0.545174	0.272829	0.000000
6	tsk_6	(x)	1	:	0.000000	0.000000	0.430544	0.251756	0.317700	0.000000
7	tsk_7	(x)	1	:	0.000000	0.000000	0.365898	0.193490	0.440612	0.000000
8	tsk_8	(x)	1	:	0.000000	0.000000	0.434917	0.323977	0.241106	0.000000
9	tsk_9	(x)	1	:	0.000000	0.000000	0.500827	0.255803	0.243370	0.000000
10	tsk_10	(x)	1	:	0.000000	0.000000	0.409841	0.156066	0.434093	0.000000
11	tsk_11	(x)	1	:	0.000000	0.000000	0.500509	0.313720	0.185772	0.000000
12	tsk_12	(x)	1	:	0.553644	0.446356	0.000000	0.000000	0.000000	0.000000
13	tsk_13	(x)	1	:	0.476082	0.000000	0.220509	0.232081	0.059569	0.011759
14	tsk_14	(x)	1	:	1.000000	0.000000	0.000000	0.000000	0.000000	0.000000
15	tsk_15	(x)	1	:	1.000000	0.000000	0.000000	0.000000	0.000000	0.000000
16	tsk_16	(x)	1	:	1.000000	0.000000	0.000000	0.000000	0.000000	0.000000
17	tsk_17	(x)	1	:	0.431102	0.506197	0.000000	0.000000	0.000000	0.062701
18	tsk_18	(x)	1	:	0.000000	0.500039	0.239238	0.147458	0.113265	0.000000
19	tsk_19	(x)	1	:	0.999999	0.000000	0.000000	0.000000	0.000000	0.000001
20	tsk_20	(x)	1	:	0.000000	0.000000	0.000000	0.000000	0.000000	1.000000
21	tsk_21	(x)	1	:	0.000000	0.000000	0.000000	0.000000	0.000000	1.000000
22	tsk_22	(x)	1	:	0.000000	0.000000	0.000000	0.000000	0.000000	1.000000
23	tsk_23	(x)	1	:	0.000000	0.000000	0.000000	0.000000	0.000000	1.000000
24	tsk_24	(x)	1	:	0.000008	0.000000	0.000000	0.000000	0.000000	0.999992
25	tsk_25	(x)	1	:	0.000000	0.000000	0.000000	0.000000	0.000000	1.000000
26	tsk_26	(x)	1	:	0.000000	0.000000	0.000000	0.000000	0.000000	1.000000
27	tsk_27	(x)	1	:	0.000006	0.000000	0.000000	0.000000	0.000000	0.999994
28	tsk_28	(x)	1	:	0.000000	0.000000	0.000000	0.000000	0.000000	1.000000
29	tsk_29	(x)	1	:	0.000006	0.000000	0.000000	0.000000	0.000000	0.999994
