logL = -110.613652 (converged)
AIC = 611.227305
BIC = 884.460794

count.K
4 6 13 4 3 

