logL = -12.700576 (converged)
AIC = 295.401153
BIC = 484.562799

count.K
10 3 11 1 5 

