logL = -101.369723 (converged)
AIC = 622.739447
BIC = 916.990897

count.K
8 3 5 2 10 2 

