logL = -29.705280 (converged)
AIC = 135.410561
BIC = 188.656061

count.K
8 22 

