logL = -49.703026 (converged)
AIC = 315.406052
BIC = 466.735369

count.K
1 21 8 

