logL = -80.693503 (converged)
AIC = 353.387005
BIC = 487.901954

count.K
17 0 13 

