logL = -44.567939 (converged)
AIC = 509.135877
BIC = 803.387327

count.K
9 2 4 1 8 6 

