logL = -112.804888 (converged)
AIC = 317.609776
BIC = 382.064856

count.K
19 11 

