logL = -135.098224 (converged)
AIC = 374.196448
BIC = 447.058712

count.K
12 18 

