logL = -11.090356 (converged)
AIC = 272.180712
BIC = 447.330384

count.K
2 10 4 9 5 

