logL = -21.156942 (converged)
AIC = 322.313884
BIC = 518.481517

count.K
8 2 4 14 2 

