logL = -91.833532 (converged)
AIC = 459.667064
BIC = 653.032303

count.K
2 10 8 10 

