logL = -73.275923 (converged)
AIC = 308.551846
BIC = 422.048834

count.K
10 3 17 

