logL = -33.203963 (converged)
AIC = 216.407925
BIC = 321.497729

count.K
7 7 16 

