logL = -117.787038 (converged)
AIC = 503.574075
BIC = 691.334525

count.K
11 9 7 3 

