logL = -103.972628 (converged)
AIC = 639.945256
BIC = 942.603891

count.K
4 6 5 5 1 9 

