logL = -21.286288 (converged)
AIC = 114.572576
BIC = 165.015682

count.K
20 10 

