logL = -48.520346 (converged)
AIC = 333.040692
BIC = 498.381983

count.K
23 2 5 0 

