logL = -33.546852 (converged)
AIC = 151.093704
BIC = 209.943994

count.K
7 23 

