logL = -56.655471 (converged)
AIC = 533.310941
BIC = 827.562392

count.K
9 9 1 2 0 9 

