logL = -68.477846 (converged)
AIC = 466.955692
BIC = 698.153260

count.K
8 11 1 6 4 

