logL = -46.897200 (converged)
AIC = 165.794401
BIC = 216.237506

count.K
10 20 

