logL = -29.988570 (converged)
AIC = 187.977139
BIC = 277.653772

count.K
12 18 

