0	tsk_0	(x)	1	:	0.000000	0.434428	0.000000	0.000000	0.500116	0.065456
1	tsk_1	(x)	1	:	0.000000	0.162352	0.000000	0.000000	0.500073	0.337575
2	tsk_2	(x)	1	:	0.000000	0.648952	0.000000	0.000000	0.000000	0.351047
3	tsk_3	(x)	1	:	0.000000	0.389201	0.000000	0.000000	0.500139	0.110660
4	tsk_4	(x)	1	:	0.000000	0.253446	0.000000	0.000000	0.500074	0.246480
5	tsk_5	(x)	1	:	0.000000	0.547910	0.000000	0.000000	0.000000	0.452090
6	tsk_6	(x)	1	:	0.000000	0.669769	0.000000	0.330231	0.000000	0.000000
7	tsk_7	(x)	1	:	0.000000	0.823186	0.000000	0.000000	0.000000	0.176814
8	tsk_8	(x)	1	:	0.000000	0.000000	0.000000	0.000000	0.500062	0.499937
9	tsk_9	(x)	1	:	0.000000	0.697911	0.000000	0.000000	0.000000	0.302089
10	tsk_10	(x)	1	:	0.000000	0.000000	0.000000	0.000000	1.000000	0.000000
11	tsk_11	(x)	1	:	0.000000	0.000000	0.000000	0.000000	0.500168	0.499832
12	tsk_12	(x)	1	:	0.492495	0.153643	0.000012	0.000000	0.014742	0.339108
13	tsk_13	(x)	1	:	0.000000	0.757031	0.000000	0.000000	0.000001	0.242968
14	tsk_14	(x)	1	:	0.000000	0.180332	0.000000	0.000000	0.500079	0.319589
15	tsk_15	(x)	1	:	0.000000	0.200206	0.000000	0.000000	0.500049	0.299745
16	tsk_16	(x)	1	:	0.000000	0.499195	0.000000	0.000000	0.500805	0.000000
17	tsk_17	(x)	1	:	0.000000	0.000000	0.000000	0.000000	1.000000	0.000000
18	tsk_18	(x)	1	:	0.000000	0.000000	0.000000	0.000000	1.000000	0.000000
19	tsk_19	(x)	1	:	0.000000	0.288320	0.000000	0.000000	0.500213	0.211467
20	tsk_20	(x)	1	:	1.000000	0.000000	0.000000	0.000000	0.000000	0.000000
21	tsk_21	(x)	1	:	1.000000	0.000000	0.000000	0.000000	0.000000	0.000000
22	tsk_22	(x)	1	:	1.000000	0.000000	0.000000	0.000000	0.000000	0.000000
23	tsk_23	(x)	1	:	0.000000	0.000000	1.000000	0.000000	0.000000	0.000000
24	tsk_24	(x)	1	:	1.000000	0.000000	0.000000	0.000000	0.000000	0.000000
25	tsk_25	(x)	1	:	1.000000	0.000000	0.000000	0.000000	0.000000	0.000000
26	tsk_26	(x)	1	:	1.000000	0.000000	0.000000	0.000000	0.000000	0.000000
27	tsk_27	(x)	1	:	0.456389	0.000000	0.000013	0.543598	0.000000	0.000000
28	tsk_28	(x)	1	:	0.494876	0.000000	0.000010	0.000000	0.505114	0.000000
29	tsk_29	(x)	1	:	0.999984	0.000000	0.000016	0.000000	0.000000	0.000000
