logL = -40.727779 (converged)
AIC = 309.455559
BIC = 469.192060

count.K
3 11 1 15 

