logL = -62.894260 (converged)
AIC = 201.788521
BIC = 255.034021

count.K
15 15 

