logL = -158.618331 (converged)
AIC = 429.236662
BIC = 507.703716

count.K
23 7 

