0	tsk_0	(x)	1	:	0.000000	0.805898	0.000000	0.194102	0.000000	0.000000
1	tsk_1	(x)	1	:	0.000000	0.000000	0.827871	0.172129	0.000000	0.000000
2	tsk_2	(x)	1	:	0.000000	0.000000	0.634797	0.198570	0.166632	0.000000
3	tsk_3	(x)	1	:	0.000000	0.000000	1.000000	0.000000	0.000000	0.000000
4	tsk_4	(x)	1	:	0.000000	0.000000	0.000000	1.000000	0.000000	0.000000
5	tsk_5	(x)	1	:	0.000000	0.000000	0.698418	0.301582	0.000000	0.000000
6	tsk_6	(x)	1	:	0.000000	0.805898	0.166986	0.027116	0.000000	0.000000
7	tsk_7	(x)	1	:	0.000000	0.000000	0.698047	0.301953	0.000000	0.000000
8	tsk_8	(x)	1	:	0.000000	0.000000	0.553690	0.446310	0.000000	0.000000
9	tsk_9	(x)	1	:	0.000000	0.000000	0.693931	0.306069	0.000000	0.000000
10	tsk_10	(x)	1	:	0.384442	0.000000	0.330155	0.169845	0.000000	0.115558
11	tsk_11	(x)	1	:	0.500000	0.000000	0.500000	0.000000	0.000000	0.000000
12	tsk_12	(x)	1	:	0.326431	0.000000	0.265878	0.234122	0.000000	0.173569
13	tsk_13	(x)	1	:	0.000000	0.000000	0.703299	0.296701	0.000000	0.000000
14	tsk_14	(x)	1	:	0.000000	0.000000	0.318710	0.181290	0.000000	0.500000
15	tsk_15	(x)	1	:	0.000000	0.000000	0.000000	0.500000	0.000000	0.500000
16	tsk_16	(x)	1	:	0.182832	0.000000	0.000000	0.500000	0.000000	0.317168
17	tsk_17	(x)	1	:	0.000000	0.000000	0.321469	0.178531	0.000000	0.500000
18	tsk_18	(x)	1	:	0.165663	0.000000	0.000000	0.500000	0.000000	0.334337
19	tsk_19	(x)	1	:	0.193497	0.000000	0.320873	0.179127	0.000000	0.306503
20	tsk_20	(x)	1	:	0.000000	0.000000	0.000000	0.000000	0.000000	1.000000
21	tsk_21	(x)	1	:	0.711761	0.000000	0.000000	0.000000	0.000000	0.288239
22	tsk_22	(x)	1	:	0.000000	0.000000	0.000000	0.000000	0.000000	1.000000
23	tsk_23	(x)	1	:	0.553974	0.000000	0.000000	0.000000	0.000000	0.446026
24	tsk_24	(x)	1	:	1.000000	0.000000	0.000000	0.000000	0.000000	0.000000
25	tsk_25	(x)	1	:	0.000000	0.000000	0.000000	0.000000	0.248227	0.751773
26	tsk_26	(x)	1	:	0.830009	0.000000	0.000000	0.000000	0.000000	0.169991
27	tsk_27	(x)	1	:	0.458062	0.000000	0.000000	0.000000	0.000000	0.541938
28	tsk_28	(x)	1	:	0.711761	0.000000	0.000000	0.000000	0.000000	0.288239
29	tsk_29	(x)	1	:	0.717068	0.000000	0.000000	0.000000	0.000000	0.282932
