logL = -56.037096 (converged)
AIC = 462.074192
BIC = 707.283734

count.K
2 4 9 0 15 

