logL = -54.443869 (converged)
AIC = 270.887738
BIC = 384.384726

count.K
11 9 10 

