logL = -69.842271 (converged)
AIC = 319.684543
BIC = 445.792307

count.K
12 5 13 

