logL = -55.327383 (converged)
AIC = 506.654767
BIC = 784.091848

count.K
12 1 3 11 2 1 

