logL = -95.944883 (converged)
AIC = 451.889765
BIC = 634.045425

count.K
9 10 6 5 

