0	tsk_0	(x)	1	:	0.000000	0.000000	0.000000	1.000000	0.000000	0.000000
1	tsk_1	(x)	1	:	0.000000	0.000000	0.000000	1.000000	0.000000	0.000000
2	tsk_2	(x)	1	:	0.000000	0.000000	0.000000	1.000000	0.000000	0.000000
3	tsk_3	(x)	1	:	0.000000	0.000000	0.000000	1.000000	0.000000	0.000000
4	tsk_4	(x)	1	:	0.000000	0.000000	0.000000	1.000000	0.000000	0.000000
5	tsk_5	(x)	1	:	0.000000	0.000000	0.000000	1.000000	0.000000	0.000000
6	tsk_6	(x)	1	:	0.000000	0.000000	0.000000	1.000000	0.000000	0.000000
7	tsk_7	(x)	1	:	0.000000	0.000000	0.000000	1.000000	0.000000	0.000000
8	tsk_8	(x)	1	:	0.000000	0.000000	0.000000	1.000000	0.000000	0.000000
9	tsk_9	(x)	1	:	0.000000	0.000000	0.000000	1.000000	0.000000	0.000000
10	tsk_10	(x)	1	:	0.000000	0.000000	0.000000	0.000000	0.891648	0.108352
11	tsk_11	(x)	1	:	0.000000	0.000000	0.000000	0.494941	0.136471	0.368588
12	tsk_12	(x)	1	:	0.000271	0.215935	0.288790	0.494953	0.000024	0.000028
13	tsk_13	(x)	1	:	0.000000	0.000000	0.000000	0.000000	0.775273	0.224727
14	tsk_14	(x)	1	:	0.000141	0.067963	0.431872	0.000000	0.493623	0.006402
15	tsk_15	(x)	1	:	0.000000	0.000000	0.000000	0.494941	0.073188	0.431871
16	tsk_16	(x)	1	:	0.000000	0.000000	0.000000	0.494941	0.212639	0.292420
17	tsk_17	(x)	1	:	0.000000	0.000000	0.000000	0.494941	0.179672	0.325387
18	tsk_18	(x)	1	:	0.000000	0.000000	0.000000	0.000000	0.903960	0.096040
19	tsk_19	(x)	1	:	0.000000	0.000000	0.000000	0.494941	0.085406	0.419653
20	tsk_20	(x)	1	:	0.000000	0.620793	0.379207	0.000000	0.000000	0.000000
21	tsk_21	(x)	1	:	0.000000	0.133301	0.866699	0.000000	0.000000	0.000000
22	tsk_22	(x)	1	:	0.000000	0.013457	0.986543	0.000000	0.000000	0.000000
23	tsk_23	(x)	1	:	0.960937	0.002031	0.037033	0.000000	0.000000	0.000000
24	tsk_24	(x)	1	:	0.000000	0.000000	1.000000	0.000000	0.000000	0.000000
25	tsk_25	(x)	1	:	0.925385	0.001982	0.072633	0.000000	0.000000	0.000000
26	tsk_26	(x)	1	:	0.000000	0.290583	0.709417	0.000000	0.000000	0.000000
27	tsk_27	(x)	1	:	0.000239	0.251644	0.248075	0.000000	0.486233	0.013810
28	tsk_28	(x)	1	:	0.980493	0.000000	0.019507	0.000000	0.000000	0.000000
29	tsk_29	(x)	1	:	0.000000	0.359325	0.640675	0.000000	0.000000	0.000000
