logL = -24.790838 (converged)
AIC = 421.581675
BIC = 682.204388

count.K
3 8 0 3 1 15 

