logL = -189.755119 (converged)
AIC = 589.510238
BIC = 736.635963

count.K
6 14 10 

