0	tsk_0	(x)	1	:	0.000000	0.000006	0.000000	0.727634	0.272359
1	tsk_1	(x)	1	:	0.000000	0.000000	1.000000	0.000000	0.000000
2	tsk_2	(x)	1	:	0.000000	0.000000	0.389231	0.237131	0.373637
3	tsk_3	(x)	1	:	0.000000	0.000002	0.389236	0.164569	0.446193
4	tsk_4	(x)	1	:	0.000000	0.000002	0.625788	0.374210	0.000000
5	tsk_5	(x)	1	:	0.000000	0.000002	0.389235	0.083520	0.527243
6	tsk_6	(x)	1	:	0.000000	0.000000	1.000000	0.000000	0.000000
7	tsk_7	(x)	1	:	0.000000	0.000000	0.999976	0.000003	0.000020
8	tsk_8	(x)	1	:	0.000000	0.000000	0.999983	0.000001	0.000015
9	tsk_9	(x)	1	:	0.000000	0.000012	0.000000	0.000000	0.999988
10	tsk_10	(x)	1	:	0.000000	0.000016	0.000000	0.000000	0.999984
11	tsk_11	(x)	1	:	0.000000	0.000004	0.000000	0.666893	0.333103
12	tsk_12	(x)	1	:	0.000000	0.000001	0.000000	0.766605	0.233394
13	tsk_13	(x)	1	:	0.000000	0.000004	0.000000	0.662118	0.337878
14	tsk_14	(x)	1	:	0.000000	0.000005	0.000000	0.309610	0.690384
15	tsk_15	(x)	1	:	0.000000	0.000003	0.000001	0.571041	0.428956
16	tsk_16	(x)	1	:	0.000000	0.000002	0.000000	0.767145	0.232853
17	tsk_17	(x)	1	:	0.000000	0.000003	0.000000	0.666356	0.333641
18	tsk_18	(x)	1	:	0.000000	0.000000	0.000000	0.383358	0.616641
19	tsk_19	(x)	1	:	0.000000	0.000000	0.625790	0.102597	0.271613
20	tsk_20	(x)	1	:	0.498576	0.501423	0.000000	0.000000	0.000000
21	tsk_21	(x)	1	:	0.498576	0.501423	0.000000	0.000000	0.000000
22	tsk_22	(x)	1	:	0.000000	0.000001	0.000001	0.252004	0.747994
23	tsk_23	(x)	1	:	0.000000	0.508800	0.000000	0.357503	0.133697
24	tsk_24	(x)	1	:	0.000000	0.508802	0.000000	0.226424	0.264774
25	tsk_25	(x)	1	:	0.000000	0.508787	0.000001	0.198211	0.293001
26	tsk_26	(x)	1	:	0.000000	0.508792	0.000001	0.360712	0.130495
27	tsk_27	(x)	1	:	0.498576	0.501423	0.000000	0.000000	0.000000
28	tsk_28	(x)	1	:	0.498576	0.501423	0.000000	0.000000	0.000000
29	tsk_29	(x)	1	:	1.000000	0.000000	0.000000	0.000000	0.000000
