logL = -46.156745 (converged)
AIC = 352.313490
BIC = 534.469150

count.K
5 9 3 13 

