logL = -30.053303 (converged)
AIC = 216.106606
BIC = 325.400001

count.K
7 22 1 

