logL = -66.545617 (converged)
AIC = 517.091234
BIC = 786.121132

count.K
1 10 9 1 0 9 

