logL = -58.662044 (converged)
AIC = 513.324088
BIC = 790.761170

count.K
5 3 0 10 2 10 

