0	tsk_0	(x)	1	:	0.000000	1.000000	0.000000	0.000000	0.000000	0.000000
1	tsk_1	(x)	1	:	0.000000	1.000000	0.000000	0.000000	0.000000	0.000000
2	tsk_2	(x)	1	:	0.000000	0.000000	0.000000	0.000000	1.000000	0.000000
3	tsk_3	(x)	1	:	0.213076	0.000000	0.000000	0.000000	0.499996	0.286927
4	tsk_4	(x)	1	:	0.012338	0.473769	0.000002	0.000018	0.484905	0.028968
5	tsk_5	(x)	1	:	0.000000	0.000000	0.000000	0.000000	1.000000	0.000000
6	tsk_6	(x)	1	:	0.165216	0.000000	0.000000	0.000000	0.499994	0.334790
7	tsk_7	(x)	1	:	0.153756	0.000000	0.000000	0.000000	0.000000	0.846244
8	tsk_8	(x)	1	:	0.000000	0.479122	0.520878	0.000000	0.000000	0.000000
9	tsk_9	(x)	1	:	0.216134	0.000000	0.000000	0.000000	0.499996	0.283870
10	tsk_10	(x)	1	:	0.217281	0.000000	0.000000	0.000000	0.000000	0.782719
11	tsk_11	(x)	1	:	0.632443	0.000000	0.000000	0.000000	0.000000	0.367557
12	tsk_12	(x)	1	:	0.275406	0.000000	0.000000	0.000000	0.499994	0.224600
13	tsk_13	(x)	1	:	0.262204	0.000000	0.000000	0.000000	0.000000	0.737796
14	tsk_14	(x)	1	:	0.781005	0.000000	0.000000	0.000000	0.000000	0.218995
15	tsk_15	(x)	1	:	0.012389	0.562051	0.000000	0.000000	0.000000	0.425560
16	tsk_16	(x)	1	:	0.832052	0.000000	0.000000	0.000000	0.000000	0.167948
17	tsk_17	(x)	1	:	0.398945	0.000000	0.000000	0.000000	0.499997	0.101058
18	tsk_18	(x)	1	:	0.023782	0.562051	0.000000	0.000000	0.000000	0.414167
19	tsk_19	(x)	1	:	0.309786	0.000000	0.000000	0.000000	0.499996	0.190218
20	tsk_20	(x)	1	:	0.634401	0.000000	0.000000	0.000000	0.000000	0.365599
21	tsk_21	(x)	1	:	0.354241	0.000000	0.000000	0.000000	0.000000	0.645759
22	tsk_22	(x)	1	:	1.000000	0.000000	0.000000	0.000000	0.000000	0.000000
23	tsk_23	(x)	1	:	0.534904	0.000000	0.000000	0.000000	0.000000	0.465096
24	tsk_24	(x)	1	:	1.000000	0.000000	0.000000	0.000000	0.000000	0.000000
25	tsk_25	(x)	1	:	0.311431	0.000000	0.000000	0.000000	0.000000	0.688569
26	tsk_26	(x)	1	:	0.314667	0.000000	0.000000	0.000000	0.000000	0.685333
27	tsk_27	(x)	1	:	0.026886	0.000000	0.000000	0.973114	0.000000	0.000000
28	tsk_28	(x)	1	:	0.530476	0.000000	0.000000	0.000000	0.000000	0.469524
29	tsk_29	(x)	1	:	0.740562	0.000000	0.000000	0.000000	0.000000	0.259438
