logL = -37.317922 (converged)
AIC = 146.635845
BIC = 197.078951

count.K
18 12 

