logL = -22.180717 (converged)
AIC = 334.361434
BIC = 537.535055

count.K
1 2 7 7 13 

