logL = -55.089463 (converged)
AIC = 266.178926
BIC = 375.472321

count.K
6 5 19 

