logL = -79.335003 (converged)
AIC = 250.670007
BIC = 315.125086

count.K
17 13 

