logL = -62.236033 (converged)
AIC = 640.472066
BIC = 1001.980991

count.K
4 7 10 6 2 1 

