logL = -40.143450 (converged)
AIC = 536.286899
BIC = 855.759902

count.K
6 0 12 7 3 2 

