0	tsk_0	(x)	1	:	0.603049	0.000000	0.000000	0.396951
1	tsk_1	(x)	1	:	0.000000	0.000000	0.000261	0.999739
2	tsk_2	(x)	1	:	0.603083	0.000000	0.000000	0.396917
3	tsk_3	(x)	1	:	0.000000	0.000000	0.000000	1.000000
4	tsk_4	(x)	1	:	0.000017	0.000000	0.000000	0.999983
5	tsk_5	(x)	1	:	0.370626	0.000000	0.000000	0.629373
6	tsk_6	(x)	1	:	0.000000	0.000000	0.590417	0.409583
7	tsk_7	(x)	1	:	0.000019	0.000000	0.000000	0.999981
8	tsk_8	(x)	1	:	0.603072	0.000000	0.000000	0.396928
9	tsk_9	(x)	1	:	0.491156	0.000000	0.486541	0.022303
10	tsk_10	(x)	1	:	0.000001	0.000000	0.999999	0.000000
11	tsk_11	(x)	1	:	0.000000	0.000000	1.000000	0.000000
12	tsk_12	(x)	1	:	1.000000	0.000000	0.000000	0.000000
13	tsk_13	(x)	1	:	0.491775	0.000000	0.486858	0.021366
14	tsk_14	(x)	1	:	0.491425	0.000000	0.486678	0.021897
15	tsk_15	(x)	1	:	0.000048	0.000000	0.438554	0.561398
16	tsk_16	(x)	1	:	0.491325	0.000000	0.486628	0.022047
17	tsk_17	(x)	1	:	0.444909	0.000000	0.555088	0.000003
18	tsk_18	(x)	1	:	0.491849	0.000000	0.486896	0.021256
19	tsk_19	(x)	1	:	0.562380	0.000000	0.437274	0.000346
20	tsk_20	(x)	1	:	0.000000	1.000000	0.000000	0.000000
21	tsk_21	(x)	1	:	0.000000	0.999357	0.000643	0.000000
22	tsk_22	(x)	1	:	0.000000	0.998483	0.001517	0.000000
23	tsk_23	(x)	1	:	0.000000	0.909754	0.000000	0.090246
24	tsk_24	(x)	1	:	0.000000	0.909626	0.000000	0.090374
25	tsk_25	(x)	1	:	0.000000	0.998699	0.001301	0.000000
26	tsk_26	(x)	1	:	0.000000	1.000000	0.000000	0.000000
27	tsk_27	(x)	1	:	0.000000	0.998750	0.001250	0.000000
28	tsk_28	(x)	1	:	0.000000	0.998835	0.001165	0.000000
29	tsk_29	(x)	1	:	0.000000	0.998835	0.001165	0.000000
