0	tsk_0	(x)	1	:	0.000000	0.000000	0.485225	0.514775	0.000000
1	tsk_1	(x)	1	:	0.000000	0.000000	0.000000	1.000000	0.000000
2	tsk_2	(x)	1	:	0.000000	0.000000	0.485225	0.514775	0.000000
3	tsk_3	(x)	1	:	0.000000	0.000000	0.485225	0.514775	0.000000
4	tsk_4	(x)	1	:	0.000000	0.000000	1.000000	0.000000	0.000000
5	tsk_5	(x)	1	:	0.000000	0.000000	0.485224	0.514776	0.000000
6	tsk_6	(x)	1	:	0.000000	0.000000	0.485225	0.514775	0.000000
7	tsk_7	(x)	1	:	0.000000	0.000000	1.000000	0.000000	0.000000
8	tsk_8	(x)	1	:	0.000000	0.000000	1.000000	0.000000	0.000000
9	tsk_9	(x)	1	:	0.000000	0.000000	1.000000	0.000000	0.000000
10	tsk_10	(x)	1	:	0.000000	0.000000	1.000000	0.000000	0.000000
11	tsk_11	(x)	1	:	0.526133	0.473867	0.000000	0.000000	0.000000
12	tsk_12	(x)	1	:	0.527726	0.472274	0.000000	0.000000	0.000000
13	tsk_13	(x)	1	:	0.000000	0.000000	0.485225	0.514775	0.000000
14	tsk_14	(x)	1	:	0.092954	0.044601	0.104865	0.338253	0.419327
15	tsk_15	(x)	1	:	0.622964	0.377036	0.000000	0.000000	0.000000
16	tsk_16	(x)	1	:	0.021308	0.006557	0.000000	0.430280	0.541854
17	tsk_17	(x)	1	:	0.132803	0.313025	0.553819	0.000000	0.000354
18	tsk_18	(x)	1	:	0.631359	0.368641	0.000000	0.000000	0.000000
19	tsk_19	(x)	1	:	0.651534	0.348466	0.000000	0.000000	0.000000
20	tsk_20	(x)	1	:	0.464547	0.535453	0.000000	0.000000	0.000000
21	tsk_21	(x)	1	:	0.650401	0.349599	0.000000	0.000000	0.000000
22	tsk_22	(x)	1	:	0.872816	0.127184	0.000000	0.000000	0.000000
23	tsk_23	(x)	1	:	0.651236	0.348764	0.000000	0.000000	0.000000
24	tsk_24	(x)	1	:	0.633615	0.366385	0.000000	0.000000	0.000000
25	tsk_25	(x)	1	:	0.616650	0.383350	0.000000	0.000000	0.000000
26	tsk_26	(x)	1	:	0.652510	0.347490	0.000000	0.000000	0.000000
27	tsk_27	(x)	1	:	0.532099	0.467901	0.000000	0.000000	0.000000
28	tsk_28	(x)	1	:	0.535039	0.464961	0.000000	0.000000	0.000000
29	tsk_29	(x)	1	:	0.785503	0.214497	0.000000	0.000000	0.000000
