logL = -61.790871 (converged)
AIC = 579.581743
BIC = 899.054746

count.K
2 16 6 3 1 2 

