0	tsk_0	(x)	1	:	0.000000	0.500269	0.499730	0.000000	0.000000
1	tsk_1	(x)	1	:	0.000000	0.500268	0.499732	0.000000	0.000000
2	tsk_2	(x)	1	:	0.000000	0.500313	0.499687	0.000000	0.000000
3	tsk_3	(x)	1	:	0.000000	0.500216	0.499784	0.000000	0.000000
4	tsk_4	(x)	1	:	0.000000	1.000000	0.000000	0.000000	0.000000
5	tsk_5	(x)	1	:	0.000000	0.500340	0.499660	0.000000	0.000000
6	tsk_6	(x)	1	:	0.000000	0.000004	0.999996	0.000000	0.000000
7	tsk_7	(x)	1	:	0.000000	0.000001	0.999998	0.000000	0.000001
8	tsk_8	(x)	1	:	0.000000	0.500242	0.499758	0.000000	0.000000
9	tsk_9	(x)	1	:	0.000000	0.500257	0.499743	0.000000	0.000000
10	tsk_10	(x)	1	:	0.155914	0.000000	0.000000	0.844086	0.000000
11	tsk_11	(x)	1	:	0.249661	0.000000	0.000000	0.750339	0.000000
12	tsk_12	(x)	1	:	0.264069	0.000000	0.000000	0.235799	0.500132
13	tsk_13	(x)	1	:	0.197433	0.000000	0.000000	0.802567	0.000000
14	tsk_14	(x)	1	:	0.033983	0.000000	0.000000	0.966017	0.000000
15	tsk_15	(x)	1	:	0.238307	0.000000	0.000000	0.761693	0.000000
16	tsk_16	(x)	1	:	1.000000	0.000000	0.000000	0.000000	0.000000
17	tsk_17	(x)	1	:	0.167047	0.500108	0.000000	0.332844	0.000000
18	tsk_18	(x)	1	:	0.230815	0.500136	0.000000	0.269050	0.000000
19	tsk_19	(x)	1	:	0.282315	0.000000	0.000000	0.217568	0.500117
20	tsk_20	(x)	1	:	0.112869	0.000000	0.000000	0.887131	0.000000
21	tsk_21	(x)	1	:	0.000000	0.000000	0.000000	0.000000	1.000000
22	tsk_22	(x)	1	:	0.100118	0.000000	0.000000	0.899882	0.000000
23	tsk_23	(x)	1	:	0.000000	0.000000	0.000000	0.000000	1.000000
24	tsk_24	(x)	1	:	0.419155	0.000000	0.000000	0.080731	0.500114
25	tsk_25	(x)	1	:	0.464935	0.000000	0.000000	0.535065	0.000000
26	tsk_26	(x)	1	:	0.389035	0.000000	0.000000	0.610965	0.000000
27	tsk_27	(x)	1	:	0.282969	0.000000	0.000000	0.216913	0.500119
28	tsk_28	(x)	1	:	0.000000	0.000000	0.000000	0.499893	0.500107
29	tsk_29	(x)	1	:	0.044373	0.000000	0.000000	0.955627	0.000000
