logL = -55.090019 (converged)
AIC = 518.180038
BIC = 804.024304

count.K
3 1 10 6 10 0 

