0	tsk_0	(x)	1	:	0.000000	0.000000	0.468811	0.000000	0.000000	0.531189
1	tsk_1	(x)	1	:	0.000000	0.000000	0.562900	0.000000	0.000000	0.437100
2	tsk_2	(x)	1	:	0.000000	0.000000	0.461657	0.000000	0.000000	0.538343
3	tsk_3	(x)	1	:	0.000000	0.000000	0.629334	0.000000	0.000000	0.370666
4	tsk_4	(x)	1	:	0.000000	0.000000	0.627321	0.000000	0.000000	0.372679
5	tsk_5	(x)	1	:	0.000000	0.000000	0.786747	0.000000	0.000000	0.213253
6	tsk_6	(x)	1	:	0.000000	0.000000	0.459428	0.000000	0.000000	0.540572
7	tsk_7	(x)	1	:	0.000000	0.000000	0.294401	0.000000	0.000000	0.705599
8	tsk_8	(x)	1	:	0.000000	0.000000	0.251439	0.000000	0.000000	0.748561
9	tsk_9	(x)	1	:	0.000000	0.000000	0.295267	0.000000	0.000000	0.704733
10	tsk_10	(x)	1	:	0.000000	0.000000	0.230715	0.000000	0.511577	0.257708
11	tsk_11	(x)	1	:	0.384215	0.000000	0.000000	0.000000	0.615785	0.000000
12	tsk_12	(x)	1	:	0.000000	0.000000	0.777266	0.000000	0.000000	0.222734
13	tsk_13	(x)	1	:	0.466447	0.000000	0.117694	0.000000	0.000034	0.415824
14	tsk_14	(x)	1	:	1.000000	0.000000	0.000000	0.000000	0.000000	0.000000
15	tsk_15	(x)	1	:	0.000000	0.000000	0.118357	0.000000	0.511577	0.370066
16	tsk_16	(x)	1	:	0.586497	0.000000	0.325992	0.000000	0.000000	0.087512
17	tsk_17	(x)	1	:	0.000000	0.000000	0.387148	0.000000	0.000000	0.612852
18	tsk_18	(x)	1	:	0.000000	0.000000	0.328716	0.000000	0.511577	0.159707
19	tsk_19	(x)	1	:	0.000000	0.000000	0.163717	0.000000	0.511577	0.324706
20	tsk_20	(x)	1	:	0.000000	0.000000	0.361295	0.000000	0.000000	0.638705
21	tsk_21	(x)	1	:	0.526228	0.473771	0.000000	0.000000	0.000000	0.000000
22	tsk_22	(x)	1	:	0.022199	0.494561	0.000000	0.483240	0.000000	0.000000
23	tsk_23	(x)	1	:	1.000000	0.000000	0.000000	0.000000	0.000000	0.000000
24	tsk_24	(x)	1	:	0.007040	0.497377	0.469546	0.000000	0.000000	0.026037
25	tsk_25	(x)	1	:	0.000000	1.000000	0.000000	0.000000	0.000000	0.000000
26	tsk_26	(x)	1	:	0.000000	1.000000	0.000000	0.000000	0.000000	0.000000
27	tsk_27	(x)	1	:	0.002237	0.000000	0.499286	0.498474	0.000002	0.000000
28	tsk_28	(x)	1	:	0.526228	0.473771	0.000000	0.000000	0.000000	0.000000
29	tsk_29	(x)	1	:	0.434342	0.000000	0.000000	0.565658	0.000000	0.000000
