0	tsk_0	(x)	1	:	0.000000	1.000000	0.000000	0.000000
1	tsk_1	(x)	1	:	0.760022	0.000000	0.000000	0.239978
2	tsk_2	(x)	1	:	0.083962	0.500000	0.000000	0.416038
3	tsk_3	(x)	1	:	0.000000	1.000000	0.000000	0.000000
4	tsk_4	(x)	1	:	0.000000	0.500000	0.000000	0.500000
5	tsk_5	(x)	1	:	0.000000	0.500000	0.000000	0.500000
6	tsk_6	(x)	1	:	0.000000	1.000000	0.000000	0.000000
7	tsk_7	(x)	1	:	0.281064	0.500000	0.000000	0.218936
8	tsk_8	(x)	1	:	0.000000	1.000000	0.000000	0.000000
9	tsk_9	(x)	1	:	0.500000	0.500000	0.000000	0.000000
10	tsk_10	(x)	1	:	0.388838	0.020051	0.486570	0.104542
11	tsk_11	(x)	1	:	0.246557	0.014362	0.490395	0.248687
12	tsk_12	(x)	1	:	0.261413	0.012404	0.491707	0.234476
13	tsk_13	(x)	1	:	0.231448	0.000000	0.500000	0.268552
14	tsk_14	(x)	1	:	0.577436	0.000000	0.000000	0.422564
15	tsk_15	(x)	1	:	0.888503	0.000000	0.000000	0.111497
16	tsk_16	(x)	1	:	0.000000	0.000000	1.000000	0.000000
17	tsk_17	(x)	1	:	0.000000	0.014478	0.490317	0.495206
18	tsk_18	(x)	1	:	1.000000	0.000000	0.000000	0.000000
19	tsk_19	(x)	1	:	0.000000	0.000000	1.000000	0.000000
20	tsk_20	(x)	1	:	0.601860	0.000000	0.000000	0.398140
21	tsk_21	(x)	1	:	0.487883	0.000000	0.000000	0.512117
22	tsk_22	(x)	1	:	0.000000	0.000000	0.000000	1.000000
23	tsk_23	(x)	1	:	0.805985	0.000000	0.000000	0.194015
24	tsk_24	(x)	1	:	0.724244	0.000000	0.000000	0.275756
25	tsk_25	(x)	1	:	0.863413	0.000000	0.000000	0.136587
26	tsk_26	(x)	1	:	0.485906	0.000000	0.000000	0.514094
27	tsk_27	(x)	1	:	1.000000	0.000000	0.000000	0.000000
28	tsk_28	(x)	1	:	0.882831	0.000000	0.000000	0.117169
29	tsk_29	(x)	1	:	0.486450	0.000000	0.000000	0.513550
