logL = -56.447211 (converged)
AIC = 188.894422
BIC = 242.139922

count.K
12 18 

