logL = -82.330293 (converged)
AIC = 432.660586
BIC = 620.421035

count.K
3 6 11 10 

