logL = -57.653428 (converged)
AIC = 475.306855
BIC = 727.522384

count.K
8 0 2 5 8 7 

