0	tsk_0	(x)	1	:	0.000000	1.000000	0.000000	0.000000	0.000000	0.000000
1	tsk_1	(x)	1	:	0.993762	0.000000	0.006238	0.000000	0.000000	0.000000
2	tsk_2	(x)	1	:	0.000005	0.999991	0.000004	0.000000	0.000000	0.000000
3	tsk_3	(x)	1	:	0.000000	0.000000	1.000000	0.000000	0.000000	0.000000
4	tsk_4	(x)	1	:	0.000000	0.000005	0.999995	0.000000	0.000000	0.000000
5	tsk_5	(x)	1	:	1.000000	0.000000	0.000000	0.000000	0.000000	0.000000
6	tsk_6	(x)	1	:	0.999077	0.000102	0.000816	0.000005	0.000000	0.000000
7	tsk_7	(x)	1	:	0.000000	0.000004	0.999996	0.000000	0.000000	0.000000
8	tsk_8	(x)	1	:	0.000005	0.999991	0.000004	0.000000	0.000000	0.000000
9	tsk_9	(x)	1	:	0.000000	0.999991	0.000009	0.000000	0.000000	0.000000
10	tsk_10	(x)	1	:	0.000000	0.000000	1.000000	0.000000	0.000000	0.000000
11	tsk_11	(x)	1	:	0.000005	0.999995	0.000000	0.000000	0.000000	0.000000
12	tsk_12	(x)	1	:	0.000000	0.000000	1.000000	0.000000	0.000000	0.000000
13	tsk_13	(x)	1	:	0.000003	0.498253	0.000060	0.501684	0.000000	0.000000
14	tsk_14	(x)	1	:	0.000005	0.999987	0.000008	0.000000	0.000000	0.000000
15	tsk_15	(x)	1	:	0.997299	0.000000	0.002701	0.000000	0.000000	0.000000
16	tsk_16	(x)	1	:	1.000000	0.000000	0.000000	0.000000	0.000000	0.000000
17	tsk_17	(x)	1	:	0.000000	0.000000	1.000000	0.000000	0.000000	0.000000
18	tsk_18	(x)	1	:	0.000003	0.493825	0.000097	0.488162	0.017914	0.000000
19	tsk_19	(x)	1	:	0.000000	0.999995	0.000005	0.000000	0.000000	0.000000
20	tsk_20	(x)	1	:	0.000000	0.000000	0.000000	0.435876	0.134156	0.429968
21	tsk_21	(x)	1	:	0.000000	0.000000	0.000000	0.435876	0.134156	0.429968
22	tsk_22	(x)	1	:	0.000000	0.000000	0.000000	0.000000	0.000000	1.000000
23	tsk_23	(x)	1	:	0.000000	0.000000	0.000000	0.482698	0.041164	0.476139
24	tsk_24	(x)	1	:	0.000000	0.000000	0.000000	0.482793	0.040974	0.476233
25	tsk_25	(x)	1	:	0.000000	0.000000	0.000000	0.000000	0.000000	1.000000
26	tsk_26	(x)	1	:	0.000000	0.000000	0.000000	0.482581	0.041396	0.476023
27	tsk_27	(x)	1	:	0.000000	0.000000	0.000000	0.000000	1.000000	0.000000
28	tsk_28	(x)	1	:	0.000000	0.000000	0.000000	0.000000	0.000071	0.999929
29	tsk_29	(x)	1	:	0.000000	0.000000	0.000000	0.444027	0.117964	0.438009
