0	tsk_0	(x)	1	:	0.437193	0.562807	0.000000	0.000000	0.000000	0.000000
1	tsk_1	(x)	1	:	0.437206	0.562794	0.000000	0.000000	0.000000	0.000000
2	tsk_2	(x)	1	:	0.000000	1.000000	0.000000	0.000000	0.000000	0.000000
3	tsk_3	(x)	1	:	0.000000	1.000000	0.000000	0.000000	0.000000	0.000000
4	tsk_4	(x)	1	:	0.437145	0.562855	0.000000	0.000000	0.000000	0.000000
5	tsk_5	(x)	1	:	0.000000	1.000000	0.000000	0.000000	0.000000	0.000000
6	tsk_6	(x)	1	:	0.000000	0.663836	0.000000	0.000000	0.000000	0.336164
7	tsk_7	(x)	1	:	1.000000	0.000000	0.000000	0.000000	0.000000	0.000000
8	tsk_8	(x)	1	:	1.000000	0.000000	0.000000	0.000000	0.000000	0.000000
9	tsk_9	(x)	1	:	1.000000	0.000000	0.000000	0.000000	0.000000	0.000000
10	tsk_10	(x)	1	:	0.000000	0.000000	0.000000	0.000000	0.000000	1.000000
11	tsk_11	(x)	1	:	0.000000	0.000000	0.488007	0.000000	0.511993	0.000000
12	tsk_12	(x)	1	:	0.000000	0.000000	0.000000	0.000153	0.999847	0.000000
13	tsk_13	(x)	1	:	0.000000	0.000000	0.000000	0.000000	0.000000	1.000000
14	tsk_14	(x)	1	:	0.000000	0.000000	0.177280	0.000017	0.322700	0.500003
15	tsk_15	(x)	1	:	0.000000	0.000000	0.000000	0.000000	0.000000	1.000000
16	tsk_16	(x)	1	:	0.000000	0.000000	0.000000	0.000000	0.000000	1.000000
17	tsk_17	(x)	1	:	0.000000	0.000000	0.179144	0.000042	0.320806	0.500007
18	tsk_18	(x)	1	:	0.000000	0.000000	0.165464	0.000000	0.334536	0.500000
19	tsk_19	(x)	1	:	0.000000	0.000000	0.999864	0.000136	0.000000	0.000000
20	tsk_20	(x)	1	:	0.000000	0.000000	0.387629	0.000000	0.612370	0.000000
21	tsk_21	(x)	1	:	0.000000	0.000000	0.007800	0.992200	0.000000	0.000000
22	tsk_22	(x)	1	:	0.000000	0.000000	0.301684	0.000000	0.698316	0.000000
23	tsk_23	(x)	1	:	0.000000	0.000000	0.666409	0.000005	0.333586	0.000000
24	tsk_24	(x)	1	:	0.000000	0.000000	0.305301	0.000000	0.694699	0.000000
25	tsk_25	(x)	1	:	0.000000	0.000000	0.249766	0.000000	0.750234	0.000000
26	tsk_26	(x)	1	:	0.000000	0.000000	0.730544	0.000000	0.269456	0.000000
27	tsk_27	(x)	1	:	0.000000	0.000000	0.571280	0.000003	0.428717	0.000000
28	tsk_28	(x)	1	:	0.000000	0.000000	0.184894	0.000000	0.815106	0.000000
29	tsk_29	(x)	1	:	0.000000	0.000000	1.000000	0.000000	0.000000	0.000000
