0	tsk_0	(x)	1	:	0.000000	0.817416	0.182584
1	tsk_1	(x)	1	:	0.000000	0.818125	0.181875
2	tsk_2	(x)	1	:	0.000000	0.600145	0.399855
3	tsk_3	(x)	1	:	0.000000	0.600672	0.399328
4	tsk_4	(x)	1	:	0.000000	0.599394	0.400606
5	tsk_5	(x)	1	:	0.000000	0.000000	1.000000
6	tsk_6	(x)	1	:	0.000000	1.000000	0.000000
7	tsk_7	(x)	1	:	0.000000	0.334922	0.665078
8	tsk_8	(x)	1	:	0.000000	0.500709	0.499291
9	tsk_9	(x)	1	:	0.000000	0.429854	0.570146
10	tsk_10	(x)	1	:	0.000000	0.000000	1.000000
11	tsk_11	(x)	1	:	0.000000	0.750508	0.249492
12	tsk_12	(x)	1	:	0.000000	0.000000	1.000000
13	tsk_13	(x)	1	:	0.999888	0.000006	0.000105
14	tsk_14	(x)	1	:	0.600234	0.041394	0.358372
15	tsk_15	(x)	1	:	0.600217	0.101056	0.298727
16	tsk_16	(x)	1	:	0.354704	0.293891	0.351405
17	tsk_17	(x)	1	:	0.600232	0.042662	0.357106
18	tsk_18	(x)	1	:	0.354703	0.172232	0.473065
19	tsk_19	(x)	1	:	0.000000	0.500709	0.499291
20	tsk_20	(x)	1	:	0.000000	0.751409	0.248591
21	tsk_21	(x)	1	:	0.600222	0.150137	0.249640
22	tsk_22	(x)	1	:	0.000000	0.334821	0.665179
23	tsk_23	(x)	1	:	0.000000	0.429854	0.570146
24	tsk_24	(x)	1	:	0.000000	0.429940	0.570060
25	tsk_25	(x)	1	:	0.000000	0.600672	0.399328
26	tsk_26	(x)	1	:	0.000000	0.500709	0.499291
27	tsk_27	(x)	1	:	0.000000	0.599394	0.400606
28	tsk_28	(x)	1	:	0.000000	0.600145	0.399855
29	tsk_29	(x)	1	:	0.262184	0.568991	0.168825
