0	tsk_0	(x)	1	:	0.000000	1.000000	0.000000	0.000000	0.000000	0.000000
1	tsk_1	(x)	1	:	0.000000	0.000001	0.319077	0.000000	0.346779	0.334144
2	tsk_2	(x)	1	:	0.000000	0.000000	0.434549	0.000000	0.289752	0.275699
3	tsk_3	(x)	1	:	0.000000	0.000000	0.569006	0.000000	0.190785	0.240209
4	tsk_4	(x)	1	:	0.000000	0.499998	0.259765	0.000001	0.134091	0.106145
5	tsk_5	(x)	1	:	0.000000	0.000000	0.320185	0.000000	0.413932	0.265883
6	tsk_6	(x)	1	:	0.000000	0.000000	0.084127	0.000000	0.402430	0.513443
7	tsk_7	(x)	1	:	0.000000	0.000000	0.232360	0.000000	0.371402	0.396238
8	tsk_8	(x)	1	:	0.000000	1.000000	0.000000	0.000000	0.000000	0.000000
9	tsk_9	(x)	1	:	0.000000	0.500003	0.134771	0.000003	0.143315	0.221908
10	tsk_10	(x)	1	:	0.000000	0.000000	0.204836	0.499997	0.190136	0.105031
11	tsk_11	(x)	1	:	0.000000	0.000000	0.000002	0.999996	0.000001	0.000001
12	tsk_12	(x)	1	:	0.391934	0.000000	0.000000	0.608066	0.000000	0.000000
13	tsk_13	(x)	1	:	0.000000	0.000000	0.449561	0.000000	0.242637	0.307802
14	tsk_14	(x)	1	:	0.000000	0.000000	0.364466	0.000000	0.443601	0.191932
15	tsk_15	(x)	1	:	0.920561	0.000000	0.000000	0.079439	0.000000	0.000000
16	tsk_16	(x)	1	:	0.000000	0.000001	0.341896	0.000000	0.185752	0.472351
17	tsk_17	(x)	1	:	0.394375	0.000001	0.247545	0.088500	0.187034	0.082545
18	tsk_18	(x)	1	:	0.000000	0.000001	0.192710	0.499997	0.236787	0.070505
19	tsk_19	(x)	1	:	0.000000	0.000001	0.221176	0.499996	0.208497	0.070330
20	tsk_20	(x)	1	:	1.000000	0.000000	0.000000	0.000000	0.000000	0.000000
21	tsk_21	(x)	1	:	1.000000	0.000000	0.000000	0.000000	0.000000	0.000000
22	tsk_22	(x)	1	:	1.000000	0.000000	0.000000	0.000000	0.000000	0.000000
23	tsk_23	(x)	1	:	0.999999	0.000001	0.000000	0.000000	0.000000	0.000000
24	tsk_24	(x)	1	:	1.000000	0.000000	0.000000	0.000000	0.000000	0.000000
25	tsk_25	(x)	1	:	1.000000	0.000000	0.000000	0.000000	0.000000	0.000000
26	tsk_26	(x)	1	:	1.000000	0.000000	0.000000	0.000000	0.000000	0.000000
27	tsk_27	(x)	1	:	1.000000	0.000000	0.000000	0.000000	0.000000	0.000000
28	tsk_28	(x)	1	:	1.000000	0.000000	0.000000	0.000000	0.000000	0.000000
29	tsk_29	(x)	1	:	1.000000	0.000000	0.000000	0.000000	0.000000	0.000000
