logL = -49.665217 (converged)
AIC = 359.330433
BIC = 541.486093

count.K
9 4 5 12 

