logL = -118.328431 (converged)
AIC = 824.656861
BIC = 1236.608892

count.K
6 2 0 6 7 9 

