logL = -27.545605 (converged)
AIC = 283.091211
BIC = 442.827712

count.K
2 10 5 13 

