logL = -14.818922 (converged)
AIC = 365.637844
BIC = 601.039004

count.K
1 10 2 4 7 6 

