0	tsk_0	(x)	1	:	0.000000	0.000000	0.272637	0.322015	0.405348	0.000000
1	tsk_1	(x)	1	:	0.000000	0.000000	0.585524	0.225652	0.188824	0.000000
2	tsk_2	(x)	1	:	0.000000	0.000000	0.266330	0.470763	0.262907	0.000000
3	tsk_3	(x)	1	:	0.000000	0.000000	0.421998	0.370758	0.207245	0.000000
4	tsk_4	(x)	1	:	0.000000	0.000000	0.370274	0.540240	0.089485	0.000000
5	tsk_5	(x)	1	:	0.000000	0.000000	0.662532	0.183170	0.154298	0.000000
6	tsk_6	(x)	1	:	0.000000	0.000000	0.286909	0.337014	0.376077	0.000000
7	tsk_7	(x)	1	:	0.000000	0.000000	0.203228	0.596909	0.199863	0.000000
8	tsk_8	(x)	1	:	0.000000	0.000000	0.206849	0.489160	0.303991	0.000000
9	tsk_9	(x)	1	:	0.000000	0.000000	0.265507	0.472952	0.261541	0.000000
10	tsk_10	(x)	1	:	0.000000	0.000000	0.440984	0.128080	0.430936	0.000000
11	tsk_11	(x)	1	:	0.000000	0.000000	0.193828	0.231553	0.574619	0.000000
12	tsk_12	(x)	1	:	0.000000	0.000000	0.422371	0.369886	0.207743	0.000000
13	tsk_13	(x)	1	:	0.000000	0.000000	0.315713	0.373873	0.310414	0.000000
14	tsk_14	(x)	1	:	0.000000	0.375000	0.252641	0.161664	0.210695	0.000000
15	tsk_15	(x)	1	:	0.000000	0.000000	0.240674	0.284269	0.475057	0.000000
16	tsk_16	(x)	1	:	0.000000	0.000000	0.623694	0.135331	0.240976	0.000000
17	tsk_17	(x)	1	:	0.000000	0.000000	0.281985	0.442076	0.275939	0.000000
18	tsk_18	(x)	1	:	0.000000	0.000000	0.564201	0.159555	0.276245	0.000000
19	tsk_19	(x)	1	:	0.000000	0.000000	0.375788	0.443820	0.180392	0.000000
20	tsk_20	(x)	1	:	0.469670	0.000000	0.000000	0.000000	0.000000	0.530330
21	tsk_21	(x)	1	:	0.000000	0.000000	0.137530	0.000000	0.325365	0.537104
22	tsk_22	(x)	1	:	0.000000	0.500000	0.260355	0.148074	0.091571	0.000000
23	tsk_23	(x)	1	:	0.500000	0.500000	0.000000	0.000000	0.000000	0.000000
24	tsk_24	(x)	1	:	0.499601	0.000000	0.275751	0.046922	0.177726	0.000000
25	tsk_25	(x)	1	:	0.500000	0.500000	0.000000	0.000000	0.000000	0.000000
26	tsk_26	(x)	1	:	0.000000	0.001323	0.139352	0.160913	0.235086	0.463325
27	tsk_27	(x)	1	:	0.000000	0.500000	0.263770	0.136168	0.100062	0.000000
28	tsk_28	(x)	1	:	0.000000	1.000000	0.000000	0.000000	0.000000	0.000000
29	tsk_29	(x)	1	:	0.000000	1.000000	0.000000	0.000000	0.000000	0.000000
