logL = -62.464246 (converged)
AIC = 494.928492
BIC = 754.150008

count.K
1 3 5 15 6 

