logL = -47.445224 (converged)
AIC = 238.890449
BIC = 339.776660

count.K
6 12 12 

