logL = -24.960688 (converged)
AIC = 349.921376
BIC = 560.100983

count.K
7 12 1 6 4 

