logL = -187.597610 (converged)
AIC = 507.195221
BIC = 599.674248

count.K
20 10 

