logL = -48.176823 (converged)
AIC = 176.353646
BIC = 232.401542

count.K
16 14 

