logL = -49.702968 (converged)
AIC = 407.405935
BIC = 623.190332

count.K
10 1 19 0 

