logL = -46.029289 (converged)
AIC = 372.058578
BIC = 568.226211

count.K
4 5 5 8 8 

