0	tsk_0	(x)	1	:	0.000000	0.141457	0.858543	0.000000	0.000000
1	tsk_1	(x)	1	:	0.000000	0.131365	0.868635	0.000000	0.000000
2	tsk_2	(x)	1	:	0.000000	0.000000	1.000000	0.000000	0.000000
3	tsk_3	(x)	1	:	0.000000	0.010502	0.989498	0.000000	0.000000
4	tsk_4	(x)	1	:	0.000000	0.133090	0.866910	0.000000	0.000000
5	tsk_5	(x)	1	:	0.000000	0.368487	0.631513	0.000000	0.000000
6	tsk_6	(x)	1	:	0.000000	0.076107	0.923893	0.000000	0.000000
7	tsk_7	(x)	1	:	0.000000	0.000000	1.000000	0.000000	0.000000
8	tsk_8	(x)	1	:	0.000000	0.273104	0.726896	0.000000	0.000000
9	tsk_9	(x)	1	:	0.000000	0.074524	0.925476	0.000000	0.000000
10	tsk_10	(x)	1	:	0.000000	0.000000	1.000000	0.000000	0.000000
11	tsk_11	(x)	1	:	0.404610	0.147036	0.448354	0.000000	0.000000
12	tsk_12	(x)	1	:	0.588184	0.409954	0.001862	0.000000	0.000000
13	tsk_13	(x)	1	:	0.000000	0.136938	0.355364	0.507698	0.000000
14	tsk_14	(x)	1	:	0.000000	0.095241	0.397061	0.507698	0.000000
15	tsk_15	(x)	1	:	0.000000	1.000000	0.000000	0.000000	0.000000
16	tsk_16	(x)	1	:	0.194634	0.805366	0.000000	0.000000	0.000000
17	tsk_17	(x)	1	:	0.000000	0.135780	0.864220	0.000000	0.000000
18	tsk_18	(x)	1	:	0.000000	0.033650	0.966350	0.000000	0.000000
19	tsk_19	(x)	1	:	0.000000	0.094717	0.397585	0.507698	0.000000
20	tsk_20	(x)	1	:	0.000000	0.500000	0.000000	0.000000	0.500000
21	tsk_21	(x)	1	:	0.408717	0.094489	0.000000	0.000000	0.496794
22	tsk_22	(x)	1	:	0.000000	0.000000	0.000000	0.503605	0.496395
23	tsk_23	(x)	1	:	0.000000	0.026673	0.465629	0.507698	0.000000
24	tsk_24	(x)	1	:	0.000000	0.148884	0.351116	0.000000	0.500000
25	tsk_25	(x)	1	:	0.000000	1.000000	0.000000	0.000000	0.000000
26	tsk_26	(x)	1	:	0.000000	0.000000	1.000000	0.000000	0.000000
27	tsk_27	(x)	1	:	0.000000	0.335108	0.664892	0.000000	0.000000
28	tsk_28	(x)	1	:	0.408542	0.094987	0.000000	0.000000	0.496471
29	tsk_29	(x)	1	:	0.000000	0.500000	0.000000	0.000000	0.500000
