logL = -77.890378 (converged)
AIC = 415.780755
BIC = 597.936415

count.K
10 10 6 4 

