logL = -111.914745 (converged)
AIC = 623.829489
BIC = 904.068965

count.K
12 6 3 2 7 

