logL = -101.125170 (converged)
AIC = 306.250339
BIC = 379.112603

count.K
26 4 

