logL = -64.712887 (converged)
AIC = 221.425774
BIC = 285.880853

count.K
17 13 

