logL = -35.705494 (converged)
AIC = 407.410988
BIC = 642.812148

count.K
3 8 0 5 10 4 

