logL = -41.833515 (converged)
AIC = 393.667029
BIC = 610.852624

count.K
10 1 2 7 10 

