logL = -104.911234 (converged)
AIC = 785.822468
BIC = 1189.367314

count.K
0 0 11 7 2 10 

