logL = -68.351726 (converged)
AIC = 316.703452
BIC = 442.811216

count.K
9 7 14 

