logL = -94.540553 (converged)
AIC = 465.081106
BIC = 658.446344

count.K
4 11 5 10 

