logL = -47.280527 (converged)
AIC = 414.561053
BIC = 638.752634

count.K
1 10 0 10 9 

