0	tsk_0	(x)	1	:	0.283074	0.000000	0.381175	0.000000	0.335752
1	tsk_1	(x)	1	:	0.148500	0.000000	0.381171	0.000000	0.470329
2	tsk_2	(x)	1	:	0.000010	0.000000	0.000000	0.999961	0.000029
3	tsk_3	(x)	1	:	0.000000	0.000000	0.000000	0.000000	1.000000
4	tsk_4	(x)	1	:	0.068939	0.931061	0.000000	0.000000	0.000000
5	tsk_5	(x)	1	:	0.015932	0.000010	0.896896	0.000000	0.087162
6	tsk_6	(x)	1	:	0.000009	0.000000	0.000000	0.999965	0.000026
7	tsk_7	(x)	1	:	0.000004	0.000000	0.000000	0.999959	0.000037
8	tsk_8	(x)	1	:	0.106181	0.000000	0.000000	0.370876	0.522943
9	tsk_9	(x)	1	:	0.457245	0.000000	0.000000	0.000000	0.542755
10	tsk_10	(x)	1	:	0.458273	0.000000	0.000000	0.000000	0.541727
11	tsk_11	(x)	1	:	0.112234	0.000000	0.000000	0.370869	0.516897
12	tsk_12	(x)	1	:	0.480700	0.000000	0.000000	0.464669	0.054631
13	tsk_13	(x)	1	:	0.584409	0.000000	0.000000	0.000000	0.415591
14	tsk_14	(x)	1	:	0.149636	0.000000	0.000000	0.000000	0.850364
15	tsk_15	(x)	1	:	0.000006	0.000000	0.000000	0.999974	0.000020
16	tsk_16	(x)	1	:	0.175858	0.000000	0.000000	0.719072	0.105069
17	tsk_17	(x)	1	:	0.415162	0.000000	0.000000	0.464662	0.120176
18	tsk_18	(x)	1	:	0.226487	0.000000	0.000000	0.719073	0.054440
19	tsk_19	(x)	1	:	0.051956	0.000000	0.000000	0.370882	0.577161
20	tsk_20	(x)	1	:	0.569619	0.000000	0.335932	0.000000	0.094449
21	tsk_21	(x)	1	:	0.859767	0.000000	0.000000	0.000000	0.140233
22	tsk_22	(x)	1	:	0.290699	0.000000	0.000000	0.000000	0.709301
23	tsk_23	(x)	1	:	0.457058	0.000000	0.000000	0.000000	0.542942
24	tsk_24	(x)	1	:	0.342780	0.000000	0.000000	0.000000	0.657220
25	tsk_25	(x)	1	:	0.407496	0.000000	0.335945	0.000000	0.256559
26	tsk_26	(x)	1	:	0.461935	0.000000	0.000000	0.000000	0.538065
27	tsk_27	(x)	1	:	0.458096	0.000000	0.000000	0.000000	0.541904
28	tsk_28	(x)	1	:	0.365660	0.000000	0.335939	0.000000	0.298401
29	tsk_29	(x)	1	:	0.529939	0.000000	0.335975	0.000000	0.134086
