logL = -23.567036 (converged)
AIC = 457.134072
BIC = 744.379535

count.K
1 12 16 0 1 

