logL = -57.120672 (converged)
AIC = 276.241345
BIC = 389.738333

count.K
5 22 3 

