logL = -37.247880 (converged)
AIC = 470.495760
BIC = 747.932842

count.K
15 4 3 2 2 4 

