logL = -86.385671 (converged)
AIC = 472.771342
BIC = 682.950950

count.K
9 18 1 2 

