logL = -180.436801 (converged)
AIC = 468.873603
BIC = 544.538262

count.K
14 16 

