logL = -58.675249 (converged)
AIC = 285.350498
BIC = 403.051078

count.K
10 3 17 

