logL = -115.035220 (converged)
AIC = 416.070439
BIC = 546.381796

count.K
11 13 6 

