logL = -11.090476 (converged)
AIC = 302.180951
BIC = 498.348585

count.K
15 6 0 7 2 

