logL = -47.508802 (converged)
AIC = 415.017604
BIC = 639.209185

count.K
3 9 1 16 1 

