logL = -20.272201 (converged)
AIC = 252.544402
BIC = 401.071324

count.K
7 2 18 3 

