0	tsk_0	(x)	1	:	0.999995	0.000000	0.000000	0.000005	0.000000	0.000000
1	tsk_1	(x)	1	:	0.000000	0.000000	0.749862	0.000000	0.000000	0.250138
2	tsk_2	(x)	1	:	0.000000	1.000000	0.000000	0.000000	0.000000	0.000000
3	tsk_3	(x)	1	:	0.000000	1.000000	0.000000	0.000000	0.000000	0.000000
4	tsk_4	(x)	1	:	0.580705	0.000000	0.000000	0.410244	0.000000	0.009051
5	tsk_5	(x)	1	:	0.000000	0.000000	0.548926	0.323018	0.000000	0.128056
6	tsk_6	(x)	1	:	0.000000	0.000000	0.234331	0.609649	0.000000	0.156020
7	tsk_7	(x)	1	:	0.000000	0.302799	0.593355	0.103846	0.000000	0.000000
8	tsk_8	(x)	1	:	0.507588	0.492412	0.000000	0.000000	0.000000	0.000000
9	tsk_9	(x)	1	:	0.000000	0.000000	0.573820	0.000000	0.000000	0.426180
10	tsk_10	(x)	1	:	0.000000	0.000000	0.000000	0.000000	1.000000	0.000000
11	tsk_11	(x)	1	:	0.000000	0.000000	0.488025	0.285635	0.000000	0.226340
12	tsk_12	(x)	1	:	0.000000	0.000000	0.000000	0.264908	0.500000	0.235092
13	tsk_13	(x)	1	:	0.000000	0.000000	0.024046	0.121113	0.500000	0.354842
14	tsk_14	(x)	1	:	0.000000	0.000000	0.000000	0.000000	1.000000	0.000000
15	tsk_15	(x)	1	:	0.000000	0.000000	0.000000	0.000000	1.000000	0.000000
16	tsk_16	(x)	1	:	0.000000	0.000000	0.000000	0.000000	1.000000	0.000000
17	tsk_17	(x)	1	:	0.000000	0.000000	0.000000	0.000000	1.000000	0.000000
18	tsk_18	(x)	1	:	0.000000	0.000000	0.047169	0.000000	0.500000	0.452831
19	tsk_19	(x)	1	:	0.000000	0.000000	0.139285	0.752288	0.000000	0.108427
20	tsk_20	(x)	1	:	0.000000	0.000000	0.825168	0.000000	0.000000	0.174832
21	tsk_21	(x)	1	:	0.000000	0.000000	0.158580	0.588506	0.000000	0.252914
22	tsk_22	(x)	1	:	0.000000	0.000000	0.518087	0.000000	0.000000	0.481913
23	tsk_23	(x)	1	:	0.000000	0.000000	0.331492	0.590688	0.000000	0.077820
24	tsk_24	(x)	1	:	0.000000	0.000000	0.402029	0.346256	0.000000	0.251714
25	tsk_25	(x)	1	:	0.000000	0.000000	0.283655	0.511280	0.000000	0.205065
26	tsk_26	(x)	1	:	0.000000	0.000000	0.608957	0.277734	0.000000	0.113308
27	tsk_27	(x)	1	:	0.000000	0.000000	0.267300	0.469316	0.000000	0.263385
28	tsk_28	(x)	1	:	0.000000	0.000000	0.173213	0.597951	0.000000	0.228836
29	tsk_29	(x)	1	:	0.000000	0.000000	0.621842	0.378158	0.000000	0.000000
