logL = -36.982967 (converged)
AIC = 309.965933
BIC = 475.307224

count.K
8 4 14 4 

