0	tsk_0	(x)	1	:	0.000000	0.000000	0.300393	0.000000	0.000000	0.699607
1	tsk_1	(x)	1	:	0.000000	0.000000	0.175413	0.000000	0.000000	0.824587
2	tsk_2	(x)	1	:	0.000000	0.000000	0.362511	0.000000	0.000000	0.637489
3	tsk_3	(x)	1	:	0.000000	0.000000	0.208704	0.000000	0.000000	0.791296
4	tsk_4	(x)	1	:	0.000000	0.000000	0.018242	0.000000	0.000000	0.981758
5	tsk_5	(x)	1	:	0.000000	0.000000	0.216667	0.000000	0.000000	0.783332
6	tsk_6	(x)	1	:	0.000000	0.000000	0.179948	0.000000	0.000000	0.820052
7	tsk_7	(x)	1	:	0.000000	0.000000	0.153168	0.000000	0.000000	0.846832
8	tsk_8	(x)	1	:	0.000000	0.000000	0.275929	0.000000	0.000000	0.724071
9	tsk_9	(x)	1	:	0.000000	0.000000	0.204503	0.000000	0.000000	0.795497
10	tsk_10	(x)	1	:	0.000000	0.004242	0.253898	0.000081	0.496210	0.245568
11	tsk_11	(x)	1	:	0.492468	0.015427	0.000000	0.000020	0.492084	0.000000
12	tsk_12	(x)	1	:	1.000000	0.000000	0.000000	0.000000	0.000000	0.000000
13	tsk_13	(x)	1	:	1.000000	0.000000	0.000000	0.000000	0.000000	0.000000
14	tsk_14	(x)	1	:	0.492826	0.013152	0.000000	0.000107	0.493915	0.000000
15	tsk_15	(x)	1	:	0.536156	0.000000	0.000000	0.000049	0.463795	0.000000
16	tsk_16	(x)	1	:	0.527325	0.000000	0.000000	0.472649	0.000027	0.000000
17	tsk_17	(x)	1	:	0.493052	0.011802	0.000000	0.000070	0.495076	0.000000
18	tsk_18	(x)	1	:	0.000000	0.000003	0.000000	0.000000	0.999997	0.000000
19	tsk_19	(x)	1	:	0.492504	0.015124	0.000000	0.000111	0.492261	0.000000
20	tsk_20	(x)	1	:	0.000000	1.000000	0.000000	0.000000	0.000000	0.000000
21	tsk_21	(x)	1	:	0.000000	0.005150	0.000000	0.994844	0.000005	0.000000
22	tsk_22	(x)	1	:	0.493983	0.505983	0.000000	0.000031	0.000003	0.000000
23	tsk_23	(x)	1	:	0.493988	0.505963	0.000000	0.000049	0.000000	0.000000
24	tsk_24	(x)	1	:	0.493983	0.505985	0.000000	0.000030	0.000002	0.000000
25	tsk_25	(x)	1	:	1.000000	0.000000	0.000000	0.000000	0.000000	0.000000
26	tsk_26	(x)	1	:	0.493746	0.506254	0.000000	0.000000	0.000000	0.000000
27	tsk_27	(x)	1	:	0.000000	1.000000	0.000000	0.000000	0.000000	0.000000
28	tsk_28	(x)	1	:	0.493999	0.505930	0.000000	0.000069	0.000002	0.000000
29	tsk_29	(x)	1	:	0.464961	0.000056	0.000000	0.534983	0.000000	0.000000
