logL = -102.011382 (converged)
AIC = 396.022764
BIC = 530.537712

count.K
16 4 10 

