logL = -39.924602 (converged)
AIC = 379.849203
BIC = 590.028810

count.K
11 2 14 1 2 

