logL = -50.177719 (converged)
AIC = 410.355438
BIC = 627.541032

count.K
0 14 2 4 10 

