logL = -42.029441 (converged)
AIC = 504.058882
BIC = 798.310333

count.K
9 4 1 1 9 6 

