logL = -88.372136 (converged)
AIC = 476.744272
BIC = 686.923879

count.K
0 2 1 27 

