0	tsk_0	(x)	1	:	0.000000	0.000000	0.000000	0.000000	1.000000	0.000000
1	tsk_1	(x)	1	:	0.000000	1.000000	0.000000	0.000000	0.000000	0.000000
2	tsk_2	(x)	1	:	0.000000	0.000000	1.000000	0.000000	0.000000	0.000000
3	tsk_3	(x)	1	:	0.000000	0.500000	0.000000	0.000000	0.500000	0.000000
4	tsk_4	(x)	1	:	0.000000	0.500000	0.500000	0.000000	0.000000	0.000000
5	tsk_5	(x)	1	:	0.000000	0.500000	0.301655	0.000000	0.198345	0.000000
6	tsk_6	(x)	1	:	0.000000	1.000000	0.000000	0.000000	0.000000	0.000000
7	tsk_7	(x)	1	:	0.000000	0.000000	0.499177	0.500823	0.000000	0.000000
8	tsk_8	(x)	1	:	0.999863	0.000000	0.000137	0.000000	0.000000	0.000000
9	tsk_9	(x)	1	:	0.000000	0.500000	0.137836	0.000000	0.362164	0.000000
10	tsk_10	(x)	1	:	0.000000	0.500000	0.243321	0.000000	0.256678	0.000000
11	tsk_11	(x)	1	:	0.000000	0.500000	0.299933	0.000000	0.200067	0.000000
12	tsk_12	(x)	1	:	0.000000	0.500000	0.000000	0.000000	0.500000	0.000000
13	tsk_13	(x)	1	:	0.000000	0.500000	0.150745	0.000000	0.349255	0.000000
14	tsk_14	(x)	1	:	0.000000	0.000000	0.442980	0.000000	0.557020	0.000000
15	tsk_15	(x)	1	:	0.000000	0.500000	0.342394	0.000000	0.157606	0.000000
16	tsk_16	(x)	1	:	0.000000	0.500000	0.239966	0.000000	0.260034	0.000000
17	tsk_17	(x)	1	:	0.000000	0.500000	0.167354	0.000000	0.332646	0.000000
18	tsk_18	(x)	1	:	0.000000	1.000000	0.000000	0.000000	0.000000	0.000000
19	tsk_19	(x)	1	:	0.000000	1.000000	0.000000	0.000000	0.000000	0.000000
20	tsk_20	(x)	1	:	0.000000	0.000000	0.621801	0.000000	0.378199	0.000000
21	tsk_21	(x)	1	:	0.000000	0.489570	0.000000	0.000000	0.000000	0.510430
22	tsk_22	(x)	1	:	0.000000	0.000000	0.517037	0.000000	0.482963	0.000000
23	tsk_23	(x)	1	:	0.000000	0.000000	0.840715	0.000000	0.159285	0.000000
24	tsk_24	(x)	1	:	0.000000	0.000000	0.153826	0.000000	0.323597	0.522577
25	tsk_25	(x)	1	:	0.000000	0.000000	0.441960	0.000000	0.558040	0.000000
26	tsk_26	(x)	1	:	0.000000	0.000000	0.868733	0.000000	0.131267	0.000000
27	tsk_27	(x)	1	:	0.000000	0.000000	0.766321	0.000000	0.233679	0.000000
28	tsk_28	(x)	1	:	0.000000	0.000000	0.095673	0.000000	0.381749	0.522577
29	tsk_29	(x)	1	:	0.000000	0.000000	1.000000	0.000000	0.000000	0.000000
