0	tsk_0	(x)	1	:	0.000000	0.000005	0.999995
1	tsk_1	(x)	1	:	0.000000	0.492641	0.507359
2	tsk_2	(x)	1	:	0.000000	0.492636	0.507364
3	tsk_3	(x)	1	:	0.000000	0.000002	0.999998
4	tsk_4	(x)	1	:	0.000000	0.492644	0.507356
5	tsk_5	(x)	1	:	0.000000	0.000003	0.999997
6	tsk_6	(x)	1	:	0.000000	0.000004	0.999996
7	tsk_7	(x)	1	:	0.000000	0.492641	0.507359
8	tsk_8	(x)	1	:	0.000000	0.000003	0.999997
9	tsk_9	(x)	1	:	0.000000	0.492636	0.507364
10	tsk_10	(x)	1	:	0.284491	0.208708	0.506801
11	tsk_11	(x)	1	:	0.000000	0.492645	0.507355
12	tsk_12	(x)	1	:	0.000000	0.000003	0.999997
13	tsk_13	(x)	1	:	0.213998	0.386184	0.399818
14	tsk_14	(x)	1	:	0.000000	0.492653	0.507347
15	tsk_15	(x)	1	:	0.284707	0.208236	0.507058
16	tsk_16	(x)	1	:	0.285137	0.714850	0.000013
17	tsk_17	(x)	1	:	0.000000	0.492640	0.507360
18	tsk_18	(x)	1	:	0.284732	0.208178	0.507090
19	tsk_19	(x)	1	:	0.284625	0.208414	0.506961
20	tsk_20	(x)	1	:	1.000000	0.000000	0.000000
21	tsk_21	(x)	1	:	1.000000	0.000000	0.000000
22	tsk_22	(x)	1	:	0.999974	0.000026	0.000000
23	tsk_23	(x)	1	:	1.000000	0.000000	0.000000
24	tsk_24	(x)	1	:	0.999965	0.000035	0.000000
25	tsk_25	(x)	1	:	0.999964	0.000036	0.000000
26	tsk_26	(x)	1	:	0.999939	0.000061	0.000000
27	tsk_27	(x)	1	:	0.999953	0.000047	0.000000
28	tsk_28	(x)	1	:	0.999950	0.000050	0.000000
29	tsk_29	(x)	1	:	0.999960	0.000040	0.000000
