0	tsk_0	(x)	1	:	0.000000	0.174032	0.000000	0.000000	0.381274	0.444694
1	tsk_1	(x)	1	:	0.000000	0.156512	0.000000	0.000000	0.260193	0.583295
2	tsk_2	(x)	1	:	0.000000	0.123476	0.000000	0.000000	0.272423	0.604101
3	tsk_3	(x)	1	:	0.000000	0.136476	0.000000	0.000000	0.216462	0.647062
4	tsk_4	(x)	1	:	0.000000	0.064998	0.000000	0.000000	0.431756	0.503246
5	tsk_5	(x)	1	:	0.000000	0.108828	0.000000	0.000000	0.353820	0.537352
6	tsk_6	(x)	1	:	0.000000	0.000000	0.000000	0.000000	0.247031	0.752969
7	tsk_7	(x)	1	:	0.000000	0.125583	0.000000	0.000000	0.404252	0.470166
8	tsk_8	(x)	1	:	0.000000	0.122761	0.000000	0.000000	0.250349	0.626890
9	tsk_9	(x)	1	:	0.000000	0.034208	0.000000	0.000000	0.380431	0.585361
10	tsk_10	(x)	1	:	0.000000	0.013334	0.358769	0.495989	0.081826	0.050081
11	tsk_11	(x)	1	:	0.000000	0.000094	0.522119	0.477247	0.000405	0.000135
12	tsk_12	(x)	1	:	0.000111	0.000000	0.000000	0.999889	0.000000	0.000000
13	tsk_13	(x)	1	:	0.000000	0.060764	0.358393	0.495933	0.056803	0.028107
14	tsk_14	(x)	1	:	0.000000	0.000000	0.000000	1.000000	0.000000	0.000000
15	tsk_15	(x)	1	:	0.499758	0.025834	0.358229	0.000000	0.080631	0.035549
16	tsk_16	(x)	1	:	0.000000	0.000000	0.000000	1.000000	0.000000	0.000000
17	tsk_17	(x)	1	:	0.000000	0.000269	0.522108	0.477244	0.000321	0.000058
18	tsk_18	(x)	1	:	0.000000	0.000000	0.000000	1.000000	0.000000	0.000000
19	tsk_19	(x)	1	:	0.000000	0.000000	1.000000	0.000000	0.000000	0.000000
20	tsk_20	(x)	1	:	0.526737	0.000000	0.000000	0.473263	0.000000	0.000000
21	tsk_21	(x)	1	:	0.526726	0.000000	0.000000	0.473274	0.000000	0.000000
22	tsk_22	(x)	1	:	0.526738	0.000000	0.000000	0.473262	0.000000	0.000000
23	tsk_23	(x)	1	:	0.526729	0.000000	0.000000	0.473271	0.000000	0.000000
24	tsk_24	(x)	1	:	1.000000	0.000000	0.000000	0.000000	0.000000	0.000000
25	tsk_25	(x)	1	:	0.526762	0.000000	0.000000	0.473238	0.000000	0.000000
26	tsk_26	(x)	1	:	0.526735	0.000000	0.000000	0.473265	0.000000	0.000000
27	tsk_27	(x)	1	:	0.526726	0.000000	0.000000	0.473274	0.000000	0.000000
28	tsk_28	(x)	1	:	0.526755	0.000000	0.000000	0.473245	0.000000	0.000000
29	tsk_29	(x)	1	:	0.526743	0.000000	0.000000	0.473257	0.000000	0.000000
