logL = -4.637205 (converged)
AIC = 205.274410
BIC = 342.591754

count.K
16 8 5 1 

