logL = -80.024386 (converged)
AIC = 260.048772
BIC = 330.108641

count.K
21 9 

