0	tsk_0	(x)	1	:	0.000000	0.646631	0.000001	0.353369	0.000000
1	tsk_1	(x)	1	:	0.000000	0.372417	0.000004	0.627579	0.000000
2	tsk_2	(x)	1	:	0.000000	0.684232	0.000000	0.315768	0.000000
3	tsk_3	(x)	1	:	0.000000	0.326792	0.000002	0.673206	0.000000
4	tsk_4	(x)	1	:	0.000000	0.852058	0.000002	0.147940	0.000000
5	tsk_5	(x)	1	:	0.000000	0.709154	0.000002	0.290844	0.000000
6	tsk_6	(x)	1	:	0.000000	0.304056	0.000000	0.695944	0.000000
7	tsk_7	(x)	1	:	0.000000	0.628125	0.000003	0.371872	0.000000
8	tsk_8	(x)	1	:	0.000000	0.328728	0.000000	0.671272	0.000000
9	tsk_9	(x)	1	:	0.000000	0.382146	0.000002	0.617852	0.000000
10	tsk_10	(x)	1	:	0.494354	0.289860	0.000000	0.214220	0.001566
11	tsk_11	(x)	1	:	0.000050	0.275543	0.000000	0.231547	0.492860
12	tsk_12	(x)	1	:	0.000077	0.353709	0.000000	0.153383	0.492831
13	tsk_13	(x)	1	:	0.515539	0.000000	0.000000	0.000000	0.484461
14	tsk_14	(x)	1	:	0.000026	0.000000	0.000000	0.000000	0.999974
15	tsk_15	(x)	1	:	0.999994	0.000000	0.000000	0.000000	0.000006
16	tsk_16	(x)	1	:	0.000000	0.265996	0.000000	0.241090	0.492914
17	tsk_17	(x)	1	:	0.495757	0.071166	0.000000	0.433077	0.000000
18	tsk_18	(x)	1	:	0.553654	0.242759	0.000000	0.203587	0.000000
19	tsk_19	(x)	1	:	0.495758	0.147516	0.000000	0.356725	0.000000
20	tsk_20	(x)	1	:	0.495780	0.282703	0.000000	0.221517	0.000000
21	tsk_21	(x)	1	:	0.495755	0.342996	0.000000	0.161249	0.000000
22	tsk_22	(x)	1	:	0.495774	0.361990	0.000000	0.142236	0.000000
23	tsk_23	(x)	1	:	1.000000	0.000000	0.000000	0.000000	0.000000
24	tsk_24	(x)	1	:	0.495768	0.067721	0.000000	0.436511	0.000000
25	tsk_25	(x)	1	:	0.000000	0.000000	1.000000	0.000000	0.000000
26	tsk_26	(x)	1	:	0.495747	0.359096	0.000000	0.145157	0.000000
27	tsk_27	(x)	1	:	0.495753	0.300795	0.000000	0.203452	0.000000
28	tsk_28	(x)	1	:	0.000000	0.288293	0.000000	0.711707	0.000000
29	tsk_29	(x)	1	:	0.000000	0.501450	0.000002	0.498548	0.000000
