logL = -21.350585 (converged)
AIC = 114.701169
BIC = 165.144275

count.K
25 5 

