logL = -19.435228 (converged)
AIC = 182.870457
BIC = 283.756668

count.K
20 6 4 

