logL = -108.514222 (converged)
AIC = 697.028444
BIC = 1033.315815

count.K
7 2 11 4 0 6 

