logL = -70.389786 (converged)
AIC = 384.779572
BIC = 555.725652

count.K
9 5 2 14 

