logL = -34.376727 (converged)
AIC = 230.753454
BIC = 344.250442

count.K
9 10 11 

