logL = -49.632394 (converged)
AIC = 171.264787
BIC = 221.707893

count.K
23 7 

