logL = -159.281462 (converged)
AIC = 504.562924
BIC = 634.874281

count.K
16 2 12 

